9 0.003125 0.217259 0.003125 0.300418 0.009375 0.300418 0.0109375 0.297646 0.0125 0.297646 0.0140625 0.294874 0.015625 0.294874 0.015625 0.289331 0.0171875 0.286559 0.0171875 0.267155 0.01875 0.264383 0.01875 0.217259 0.313393 15
2 0.945312 0.538808 0.945312 0.547123 0.94375 0.549895 0.94375 0.552667 0.942187 0.555439 0.942187 0.558211 0.929688 0.580387 0.929688 0.583159 0.926562 0.588703 0.921875 0.588703 0.921875 0.649686 0.928125 0.649686 0.935937 0.663546 0.935937 0.666318 0.939063 0.671862 0.939063 0.674634 0.940625 0.677406 0.94375 0.677406 0.945312 0.680178 0.95 0.680178 0.951562 0.68295 0.953125 0.68295 0.954688 0.685722 0.95625 0.685722 0.959375 0.691266 0.959375 0.702354 0.98125 0.702354 0.98125 0.694038 0.984375 0.688494 0.984375 0.685722 0.985938 0.68295 0.985938 0.680178 0.9875 0.677406 0.9875 0.674634 0.989062 0.671862 0.989062 0.666318 0.990625 0.663546 0.990625 0.658002 0.992188 0.65523 0.992188 0.646914 0.99375 0.644142 0.99375 0.638598 0.995312 0.635826 0.995312 0.633054 0.996875 0.630282 0.998437 0.630282 0.998437 0.538808 0.851276 134
2 0.528125 0.505544 0.528125 0.516632 0.523438 0.524948 0.523438 0.52772 0.521875 0.530492 0.515625 0.530492 0.515625 0.594247 0.521875 0.594247 0.526563 0.602563 0.526563 0.605335 0.529687 0.610879 0.53125 0.610879 0.5375 0.621967 0.539062 0.621967 0.542188 0.62751 0.54375 0.62751 0.545312 0.630282 0.546875 0.630282 0.548437 0.633054 0.551562 0.633054 0.553125 0.635826 0.559375 0.635826 0.560937 0.633054 0.564062 0.633054 0.565625 0.630282 0.56875 0.630282 0.570312 0.62751 0.571875 0.62751 0.573438 0.624739 0.576562 0.624739 0.578125 0.621967 0.64375 0.621967 0.645312 0.624739 0.653125 0.624739 0.654687 0.62751 0.6625 0.62751 0.664062 0.630282 0.667187 0.630282 0.66875 0.633054 0.671875 0.633054 0.673438 0.635826 0.675 0.635826 0.676562 0.638598 0.676562 0.646914 0.678125 0.646914 0.678125 0.638598 0.68125 0.633054 0.684375 0.633054 0.685937 0.630282 0.6875 0.630282 0.689063 0.62751 0.692187 0.62751 0.69375 0.624739 0.695312 0.624739 0.696875 0.621967 0.7 0.621967 0.701562 0.619195 0.703125 0.619195 0.704688 0.616423 0.704688 0.613651 0.709375 0.605335 0.714062 0.605335 0.714062 0.583159 0.709375 0.583159 0.704688 0.574843 0.704688 0.572071 0.703125 0.569299 0.703125 0.566527 0.701562 0.566527 0.695312 0.555439 0.689063 0.555439 0.6875 0.552667 0.684375 0.552667 0.682812 0.549895 0.679688 0.549895 0.678125 0.547123 0.676562 0.547123 0.675 0.544352 0.671875 0.544352 0.670312 0.541579 0.667187 0.541579 0.665625 0.538808 0.660937 0.538808 0.659375 0.536036 0.65625 0.536036 0.654687 0.533264 0.651562 0.533264 0.65 0.530492 0.645312 0.530492 0.64375 0.52772 0.642188 0.52772 0.639062 0.522176 0.6375 0.522176 0.632812 0.51386 0.632812 0.505544 0.882367 164
9 0.634375 0.31705 0.634375 0.35863 0.642188 0.35863 0.642188 0.350314 0.645312 0.34477 0.651562 0.34477 0.651562 0.31705 0.562448 13
2 0.578125 0.47228 0.578125 0.502772 0.582812 0.502772 0.584375 0.505544 0.584375 0.51386 0.603125 0.51386 0.603125 0.505544 0.604687 0.502772 0.60625 0.502772 0.607812 0.5 0.610938 0.5 0.615625 0.491684 0.620312 0.491684 0.620312 0.47228 0.646149 1
9 0.953125 0.0287657 0.953125 0.186768 0.957812 0.186768 0.960938 0.192312 0.960938 0.195084 0.9625 0.197856 0.9625 0.200628 0.964062 0.200628 0.965625 0.2034 0.967187 0.2034 0.96875 0.206172 0.970313 0.206172 0.971875 0.208944 0.973437 0.208944 0.975 0.211715 0.979687 0.211715 0.98125 0.214487 0.990625 0.214487 0.992188 0.211715 0.995312 0.211715 0.996875 0.208944 0.998437 0.208944 0.998437 0.0287657 0.302704 19
2 0.565625 0.461192 0.565625 0.491684 0.579687 0.491684 0.579687 0.480596 0.58125 0.477824 0.58125 0.475052 0.582812 0.47228 0.589063 0.47228 0.589063 0.461192 0.26158 14
2 0.534375 0.461192 0.534375 0.5 0.557813 0.5 0.559375 0.497228 0.560937 0.497228 0.5625 0.494456 0.5625 0.488912 0.564062 0.48614 0.564062 0.480596 0.5625 0.477824 0.5625 0.461192 0.443544 3
2 0.490625 0.450105 0.490625 0.502772 0.520312 0.502772 0.520312 0.469508 0.515625 0.469508 0.5125 0.463964 0.5125 0.450105 0.686612 265
2 0.396875 0.461192 0.396875 0.524948 0.434375 0.524948 0.434375 0.51386 0.439062 0.505544 0.439062 0.502772 0.440625 0.5 0.445312 0.5 0.445312 0.494456 0.440625 0.494456 0.4375 0.488912 0.4375 0.48614 0.435937 0.483368 0.435937 0.480596 0.434375 0.477824 0.434375 0.475052 0.432812 0.47228 0.432812 0.461192 0.656137 12
5 0.303125 0.405753 0.303125 0.414069 0.301562 0.416841 0.3 0.416841 0.298438 0.419613 0.29375 0.419613 0.292187 0.422385 0.284375 0.422385 0.284375 0.516632 0.289062 0.516632 0.290625 0.519404 0.29375 0.519404 0.295312 0.522176 0.296875 0.522176 0.3 0.52772 0.3 0.536036 0.339062 0.536036 0.339062 0.52772 0.340625 0.524948 0.346875 0.524948 0.348438 0.522176 0.351562 0.522176 0.353125 0.519404 0.354687 0.519404 0.35625 0.516632 0.357812 0.516632 0.359375 0.51386 0.3625 0.51386 0.364063 0.511088 0.36875 0.511088 0.370312 0.508316 0.375 0.508316 0.376562 0.505544 0.378125 0.505544 0.379688 0.502772 0.38125 0.502772 0.384375 0.497228 0.389062 0.497228 0.389062 0.425157 0.384375 0.425157 0.38125 0.419613 0.38125 0.405753 0.92037 288
2 0.434375 0.450105 0.434375 0.491684 0.454687 0.491684 0.454687 0.475052 0.45625 0.47228 0.45625 0.450105 0.619347 42
0 0.5 0.560983 0.5 0.583159 0.501562 0.585931 0.501562 0.605335 0.5 0.608107 0.5 0.610879 0.498437 0.613651 0.498437 0.619195 0.496875 0.621967 0.496875 0.624739 0.495312 0.62751 0.495312 0.64137 0.49375 0.644142 0.49375 0.660774 0.492188 0.663546 0.492188 0.671862 0.489063 0.677406 0.484375 0.677406 0.484375 0.718985 0.490625 0.718985 0.492188 0.716213 0.495312 0.716213 0.498437 0.721757 0.498437 0.749477 0.5 0.752249 0.5 0.768881 0.501562 0.771653 0.501562 0.777197 0.503125 0.779969 0.503125 0.807688 0.5 0.813232 0.5 0.816004 0.495312 0.82432 0.495312 0.827092 0.496875 0.829864 0.498437 0.829864 0.5 0.832636 0.50625 0.832636 0.507812 0.835408 0.515625 0.835408 0.520312 0.827092 0.520312 0.813232 0.521875 0.81046 0.521875 0.791056 0.523438 0.788284 0.523438 0.724529 0.525 0.721757 0.525 0.713441 0.528125 0.707897 0.529687 0.707897 0.532812 0.702354 0.539062 0.702354 0.539062 0.685722 0.534375 0.685722 0.53125 0.680178 0.53125 0.674634 0.529687 0.671862 0.529687 0.616423 0.528125 0.613651 0.528125 0.610879 0.526563 0.608107 0.526563 0.605335 0.525 0.602563 0.525 0.599791 0.520312 0.591475 0.520312 0.588703 0.51875 0.585931 0.51875 0.583159 0.517187 0.580387 0.517187 0.577615 0.51875 0.574843 0.51875 0.560983 0.891627 140
0 0.728125 0.47228 0.728125 0.522176 0.734375 0.522176 0.734375 0.519404 0.735938 0.516632 0.735938 0.497228 0.7375 0.494456 0.7375 0.488912 0.735938 0.48614 0.735938 0.47228 0.455767 131
2 0.0953125 0.538808 0.0953125 0.547123 0.0921875 0.552667 0.0890625 0.552667 0.0875 0.555439 0.0859375 0.555439 0.084375 0.558211 0.0828125 0.558211 0.0796875 0.563755 0.078125 0.563755 0.0765625 0.566527 0.075 0.566527 0.071875 0.572071 0.0703125 0.572071 0.06875 0.574843 0.0671875 0.574843 0.065625 0.577615 0.059375 0.577615 0.059375 0.644142 0.065625 0.644142 0.0671875 0.646914 0.06875 0.646914 0.0703125 0.649686 0.071875 0.649686 0.0734375 0.652458 0.075 0.652458 0.078125 0.658002 0.0796875 0.65523 0.08125 0.65523 0.0828125 0.652458 0.084375 0.652458 0.0890625 0.644142 0.0890625 0.64137 0.090625 0.638598 0.090625 0.630282 0.0921875 0.62751 0.0921875 0.624739 0.0984375 0.613651 0.1 0.613651 0.101562 0.610879 0.103125 0.610879 0.104688 0.613651 0.107812 0.613651 0.115625 0.62751 0.115625 0.658002 0.117188 0.660774 0.120313 0.660774 0.121875 0.663546 0.142187 0.663546 0.14375 0.666318 0.159375 0.666318 0.160937 0.66909 0.164062 0.66909 0.165625 0.671862 0.167187 0.671862 0.16875 0.674634 0.170313 0.674634 0.171875 0.677406 0.175 0.677406 0.176562 0.680178 0.178125 0.680178 0.179688 0.68295 0.179688 0.691266 0.189062 0.691266 0.189062 0.68295 0.192187 0.677406 0.195312 0.677406 0.196875 0.674634 0.198437 0.674634 0.2 0.671862 0.201563 0.671862 0.203125 0.66909 0.20625 0.66909 0.207812 0.666318 0.2125 0.666318 0.214062 0.663546 0.21875 0.663546 0.220312 0.660774 0.223437 0.660774 0.225 0.658002 0.229687 0.658002 0.23125 0.65523 0.234375 0.65523 0.235937 0.652458 0.2375 0.652458 0.24375 0.64137 0.24375 0.638598 0.245312 0.635826 0.245312 0.633054 0.246875 0.630282 0.251563 0.630282 0.251563 0.624739 0.246875 0.624739 0.245312 0.621967 0.245312 0.616423 0.24375 0.613651 0.24375 0.610879 0.242188 0.608107 0.242188 0.605335 0.232813 0.588703 0.23125 0.588703 0.229687 0.585931 0.228125 0.585931 0.226562 0.583159 0.225 0.583159 0.223437 0.580387 0.220312 0.580387 0.21875 0.577615 0.215625 0.577615 0.214062 0.574843 0.209375 0.574843 0.207812 0.572071 0.204687 0.572071 0.203125 0.569299 0.196875 0.569299 0.195312 0.566527 0.192187 0.566527 0.190625 0.563755 0.189062 0.563755 0.184375 0.555439 0.182812 0.555439 0.18125 0.552667 0.179688 0.552667 0.176562 0.547123 0.176562 0.538808 0.919714 133
9 0.328125 0.305962 0.328125 0.347542 0.334375 0.347542 0.3375 0.341998 0.3375 0.339226 0.339062 0.336454 0.339062 0.33091 0.340625 0.328138 0.345312 0.328138 0.345312 0.305962 0.374537 108
0 0.109375 0.694038 0.109375 0.707897 0.107812 0.710669 0.107812 0.718985 0.10625 0.721757 0.10625 0.746705 0.107812 0.749477 0.107812 0.763337 0.109375 0.766109 0.109375 0.777197 0.107812 0.779969 0.107812 0.791056 0.10625 0.793828 0.10625 0.7966 0.104688 0.799372 0.104688 0.802144 0.0984375 0.813232 0.0984375 0.816004 0.096875 0.818776 0.096875 0.821548 0.0953125 0.82432 0.0953125 0.827092 0.0921875 0.832636 0.0921875 0.835408 0.0890625 0.840952 0.084375 0.840952 0.084375 1 0.165625 1 0.165625 0.99341 0.167187 0.990638 0.167187 0.985094 0.16875 0.982322 0.16875 0.97955 0.176562 0.96569 0.176562 0.962918 0.178125 0.960146 0.178125 0.957374 0.179688 0.954602 0.179688 0.951831 0.18125 0.949059 0.184375 0.949059 0.185938 0.951831 0.1875 0.951831 0.189062 0.954602 0.190625 0.954602 0.192187 0.957374 0.192187 0.960146 0.195312 0.96569 0.196875 0.96569 0.20625 0.982322 0.20625 0.985094 0.209375 0.990638 0.209375 1 0.226562 1 0.226562 0.976778 0.221875 0.976778 0.21875 0.971234 0.21875 0.968462 0.207812 0.949059 0.207812 0.946287 0.20625 0.943515 0.20625 0.940743 0.204687 0.937971 0.204687 0.935199 0.2 0.926883 0.2 0.924111 0.198437 0.921339 0.198437 0.918567 0.19375 0.910251 0.19375 0.907479 0.1875 0.896391 0.1875 0.893619 0.18125 0.882531 0.18125 0.879759 0.179688 0.876987 0.179688 0.874215 0.175 0.8659 0.175 0.863128 0.173437 0.860356 0.173437 0.857584 0.171875 0.854812 0.171875 0.85204 0.16875 0.846496 0.16875 0.843724 0.167187 0.840952 0.167187 0.83818 0.165625 0.835408 0.165625 0.832636 0.164062 0.829864 0.164062 0.827092 0.1625 0.82432 0.1625 0.821548 0.160937 0.818776 0.160937 0.816004 0.159375 0.813232 0.159375 0.81046 0.154688 0.802144 0.154688 0.799372 0.151562 0.793828 0.151562 0.791056 0.15 0.788284 0.15 0.774425 0.148438 0.771653 0.148438 0.727301 0.146875 0.724529 0.146875 0.716213 0.145313 0.713441 0.145313 0.707897 0.14375 0.705126 0.14375 0.694038 0.873805 151
0 0.995312 0.62751 0.995312 0.64137 0.99375 0.644142 0.99375 0.658002 0.992188 0.660774 0.992188 0.677406 0.990625 0.680178 0.990625 0.691266 0.989062 0.694038 0.989062 0.705126 0.9875 0.707897 0.9875 0.727301 0.985938 0.730073 0.985938 0.741161 0.984375 0.743933 0.984375 0.752249 0.982812 0.755021 0.982812 0.766109 0.98125 0.768881 0.98125 0.779969 0.979687 0.782741 0.979687 0.793828 0.978125 0.7966 0.978125 0.804916 0.976562 0.807688 0.976562 0.813232 0.975 0.816004 0.975 0.82432 0.973437 0.827092 0.973437 0.832636 0.971875 0.835408 0.971875 0.840952 0.970313 0.843724 0.970313 0.846496 0.965625 0.854812 0.965625 0.857584 0.960938 0.8659 0.960938 0.868671 0.95625 0.876987 0.95625 0.879759 0.951562 0.888075 0.946875 0.888075 0.946875 0.940743 0.959375 0.940743 0.960938 0.943515 0.9625 0.943515 0.964062 0.946287 0.965625 0.946287 0.967187 0.949059 0.967187 0.957374 0.979687 0.957374 0.979687 0.949059 0.98125 0.946287 0.982812 0.946287 0.984375 0.943515 0.9875 0.943515 0.989062 0.940743 0.998437 0.940743 0.998437 0.62751 0.454381 307
2 0.01875 0.505544 0.01875 0.516632 0.0171875 0.519404 0.015625 0.519404 0.0140625 0.522176 0.009375 0.522176 0.009375 0.552667 0.034375 0.552667 0.0359375 0.555439 0.04375 0.555439 0.0453125 0.558211 0.046875 0.555439 0.0484375 0.555439 0.05 0.552667 0.071875 0.552667 0.0734375 0.549895 0.075 0.549895 0.0765625 0.547123 0.0765625 0.544352 0.075 0.541579 0.075 0.536036 0.0734375 0.533264 0.0734375 0.530492 0.0671875 0.519404 0.065625 0.519404 0.0640625 0.516632 0.0625 0.516632 0.0609375 0.51386 0.0609375 0.505544 0.716086 194
0 0.146875 0.47228 0.146875 0.547123 0.154688 0.547123 0.154688 0.536036 0.15625 0.533264 0.15625 0.511088 0.157812 0.508316 0.157812 0.505544 0.159375 0.502772 0.164062 0.502772 0.159375 0.502772 0.157812 0.5 0.157812 0.491684 0.15625 0.488912 0.15625 0.47228 0.545906 195
0 0.846875 0.483368 0.846875 0.547123 0.857812 0.547123 0.857812 0.538808 0.859375 0.536036 0.864062 0.536036 0.864062 0.483368 0.459235 221
3 0.828125 0.494456 0.828125 0.547123 0.842187 0.547123 0.842187 0.51386 0.840625 0.511088 0.840625 0.494456 0.308244 299
0 0.0921875 0.616423 0.0921875 0.62751 0.090625 0.630282 0.090625 0.635826 0.0890625 0.638598 0.0890625 0.64137 0.0875 0.644142 0.0875 0.646914 0.0828125 0.65523 0.078125 0.65523 0.078125 0.743933 0.0828125 0.743933 0.084375 0.746705 0.084375 0.749477 0.0859375 0.752249 0.0859375 0.774425 0.0875 0.777197 0.0875 0.785513 0.0890625 0.788284 0.0890625 0.793828 0.090625 0.7966 0.090625 0.799372 0.09375 0.804916 0.09375 0.81046 0.0953125 0.813232 0.0953125 0.821548 0.096875 0.82432 0.096875 0.821548 0.0984375 0.818776 0.1 0.818776 0.107812 0.804916 0.107812 0.802144 0.1125 0.793828 0.1125 0.791056 0.114062 0.788284 0.114062 0.768881 0.1125 0.766109 0.1125 0.713441 0.114062 0.710669 0.114062 0.705126 0.117188 0.699582 0.117188 0.69681 0.11875 0.694038 0.11875 0.688494 0.117188 0.685722 0.117188 0.680178 0.115625 0.677406 0.115625 0.674634 0.114062 0.671862 0.114062 0.66909 0.1125 0.666318 0.1125 0.658002 0.114062 0.65523 0.114062 0.644142 0.115625 0.64137 0.115625 0.635826 0.114062 0.633054 0.114062 0.616423 0.73599 4
9 0.003125 0.217259 0.003125 0.300418 0.009375 0.300418 0.0109375 0.297646 0.0125 0.297646 0.0140625 0.294874 0.015625 0.294874 0.015625 0.289331 0.0171875 0.286559 0.0171875 0.267155 0.01875 0.264383 0.01875 0.217259 0.313393 15
2 0.945312 0.538808 0.945312 0.547123 0.94375 0.549895 0.94375 0.552667 0.942187 0.555439 0.942187 0.558211 0.929688 0.580387 0.929688 0.583159 0.926562 0.588703 0.921875 0.588703 0.921875 0.649686 0.928125 0.649686 0.935937 0.663546 0.935937 0.666318 0.939063 0.671862 0.939063 0.674634 0.940625 0.677406 0.94375 0.677406 0.945312 0.680178 0.95 0.680178 0.951562 0.68295 0.953125 0.68295 0.954688 0.685722 0.95625 0.685722 0.959375 0.691266 0.959375 0.702354 0.98125 0.702354 0.98125 0.694038 0.984375 0.688494 0.984375 0.685722 0.985938 0.68295 0.985938 0.680178 0.9875 0.677406 0.9875 0.674634 0.989062 0.671862 0.989062 0.666318 0.990625 0.663546 0.990625 0.658002 0.992188 0.65523 0.992188 0.646914 0.99375 0.644142 0.99375 0.638598 0.995312 0.635826 0.995312 0.633054 0.996875 0.630282 0.998437 0.630282 0.998437 0.538808 0.851276 136
2 0.528125 0.505544 0.528125 0.516632 0.523438 0.524948 0.523438 0.52772 0.521875 0.530492 0.515625 0.530492 0.515625 0.594247 0.521875 0.594247 0.526563 0.602563 0.526563 0.605335 0.529687 0.610879 0.53125 0.610879 0.5375 0.621967 0.539062 0.621967 0.542188 0.62751 0.54375 0.62751 0.545312 0.630282 0.546875 0.630282 0.548437 0.633054 0.551562 0.633054 0.553125 0.635826 0.559375 0.635826 0.560937 0.633054 0.564062 0.633054 0.565625 0.630282 0.56875 0.630282 0.570312 0.62751 0.571875 0.62751 0.573438 0.624739 0.576562 0.624739 0.578125 0.621967 0.64375 0.621967 0.645312 0.624739 0.653125 0.624739 0.654687 0.62751 0.6625 0.62751 0.664062 0.630282 0.667187 0.630282 0.66875 0.633054 0.671875 0.633054 0.673438 0.635826 0.675 0.635826 0.676562 0.638598 0.676562 0.646914 0.678125 0.646914 0.678125 0.638598 0.68125 0.633054 0.684375 0.633054 0.685937 0.630282 0.6875 0.630282 0.689063 0.62751 0.692187 0.62751 0.69375 0.624739 0.695312 0.624739 0.696875 0.621967 0.7 0.621967 0.701562 0.619195 0.703125 0.619195 0.704688 0.616423 0.704688 0.613651 0.709375 0.605335 0.714062 0.605335 0.714062 0.583159 0.709375 0.583159 0.704688 0.574843 0.704688 0.572071 0.703125 0.569299 0.703125 0.566527 0.701562 0.566527 0.695312 0.555439 0.689063 0.555439 0.6875 0.552667 0.684375 0.552667 0.682812 0.549895 0.679688 0.549895 0.678125 0.547123 0.676562 0.547123 0.675 0.544352 0.671875 0.544352 0.670312 0.541579 0.667187 0.541579 0.665625 0.538808 0.660937 0.538808 0.659375 0.536036 0.65625 0.536036 0.654687 0.533264 0.651562 0.533264 0.65 0.530492 0.645312 0.530492 0.64375 0.52772 0.642188 0.52772 0.639062 0.522176 0.6375 0.522176 0.632812 0.51386 0.632812 0.505544 0.882367 165
9 0.634375 0.31705 0.634375 0.35863 0.642188 0.35863 0.642188 0.350314 0.645312 0.34477 0.651562 0.34477 0.651562 0.31705 0.562448 13
2 0.578125 0.47228 0.578125 0.502772 0.582812 0.502772 0.584375 0.505544 0.584375 0.51386 0.603125 0.51386 0.603125 0.505544 0.604687 0.502772 0.60625 0.502772 0.607812 0.5 0.610938 0.5 0.615625 0.491684 0.620312 0.491684 0.620312 0.47228 0.646149 1
9 0.953125 0.0287657 0.953125 0.186768 0.957812 0.186768 0.960938 0.192312 0.960938 0.195084 0.9625 0.197856 0.9625 0.200628 0.964062 0.200628 0.965625 0.2034 0.967187 0.2034 0.96875 0.206172 0.970313 0.206172 0.971875 0.208944 0.973437 0.208944 0.975 0.211715 0.979687 0.211715 0.98125 0.214487 0.990625 0.214487 0.992188 0.211715 0.995312 0.211715 0.996875 0.208944 0.998437 0.208944 0.998437 0.0287657 0.302704 19
2 0.565625 0.461192 0.565625 0.491684 0.579687 0.491684 0.579687 0.480596 0.58125 0.477824 0.58125 0.475052 0.582812 0.47228 0.589063 0.47228 0.589063 0.461192 0.26158 14
2 0.534375 0.461192 0.534375 0.5 0.557813 0.5 0.559375 0.497228 0.560937 0.497228 0.5625 0.494456 0.5625 0.488912 0.564062 0.48614 0.564062 0.480596 0.5625 0.477824 0.5625 0.461192 0.443544 3
2 0.490625 0.450105 0.490625 0.502772 0.520312 0.502772 0.520312 0.469508 0.515625 0.469508 0.5125 0.463964 0.5125 0.450105 0.686612 270
2 0.396875 0.461192 0.396875 0.524948 0.434375 0.524948 0.434375 0.51386 0.439062 0.505544 0.439062 0.502772 0.440625 0.5 0.445312 0.5 0.445312 0.494456 0.440625 0.494456 0.4375 0.488912 0.4375 0.48614 0.435937 0.483368 0.435937 0.480596 0.434375 0.477824 0.434375 0.475052 0.432812 0.47228 0.432812 0.461192 0.656137 12
5 0.303125 0.405753 0.303125 0.414069 0.301562 0.416841 0.3 0.416841 0.298438 0.419613 0.29375 0.419613 0.292187 0.422385 0.284375 0.422385 0.284375 0.516632 0.289062 0.516632 0.290625 0.519404 0.29375 0.519404 0.295312 0.522176 0.296875 0.522176 0.3 0.52772 0.3 0.536036 0.339062 0.536036 0.339062 0.52772 0.340625 0.524948 0.346875 0.524948 0.348438 0.522176 0.351562 0.522176 0.353125 0.519404 0.354687 0.519404 0.35625 0.516632 0.357812 0.516632 0.359375 0.51386 0.3625 0.51386 0.364063 0.511088 0.36875 0.511088 0.370312 0.508316 0.375 0.508316 0.376562 0.505544 0.378125 0.505544 0.379688 0.502772 0.38125 0.502772 0.384375 0.497228 0.389062 0.497228 0.389062 0.425157 0.384375 0.425157 0.38125 0.419613 0.38125 0.405753 0.92037 296
2 0.434375 0.450105 0.434375 0.491684 0.454687 0.491684 0.454687 0.475052 0.45625 0.47228 0.45625 0.450105 0.619347 50
0 0.5 0.560983 0.5 0.583159 0.501562 0.585931 0.501562 0.605335 0.5 0.608107 0.5 0.610879 0.498437 0.613651 0.498437 0.619195 0.496875 0.621967 0.496875 0.624739 0.495312 0.62751 0.495312 0.64137 0.49375 0.644142 0.49375 0.660774 0.492188 0.663546 0.492188 0.671862 0.489063 0.677406 0.484375 0.677406 0.484375 0.718985 0.490625 0.718985 0.492188 0.716213 0.495312 0.716213 0.498437 0.721757 0.498437 0.749477 0.5 0.752249 0.5 0.768881 0.501562 0.771653 0.501562 0.777197 0.503125 0.779969 0.503125 0.807688 0.5 0.813232 0.5 0.816004 0.495312 0.82432 0.495312 0.827092 0.496875 0.829864 0.498437 0.829864 0.5 0.832636 0.50625 0.832636 0.507812 0.835408 0.515625 0.835408 0.520312 0.827092 0.520312 0.813232 0.521875 0.81046 0.521875 0.791056 0.523438 0.788284 0.523438 0.724529 0.525 0.721757 0.525 0.713441 0.528125 0.707897 0.529687 0.707897 0.532812 0.702354 0.539062 0.702354 0.539062 0.685722 0.534375 0.685722 0.53125 0.680178 0.53125 0.674634 0.529687 0.671862 0.529687 0.616423 0.528125 0.613651 0.528125 0.610879 0.526563 0.608107 0.526563 0.605335 0.525 0.602563 0.525 0.599791 0.520312 0.591475 0.520312 0.588703 0.51875 0.585931 0.51875 0.583159 0.517187 0.580387 0.517187 0.577615 0.51875 0.574843 0.51875 0.560983 0.891627 143
0 0.728125 0.47228 0.728125 0.522176 0.734375 0.522176 0.734375 0.519404 0.735938 0.516632 0.735938 0.497228 0.7375 0.494456 0.7375 0.488912 0.735938 0.48614 0.735938 0.47228 0.455767 140
2 0.0953125 0.538808 0.0953125 0.547123 0.0921875 0.552667 0.0890625 0.552667 0.0875 0.555439 0.0859375 0.555439 0.084375 0.558211 0.0828125 0.558211 0.0796875 0.563755 0.078125 0.563755 0.0765625 0.566527 0.075 0.566527 0.071875 0.572071 0.0703125 0.572071 0.06875 0.574843 0.0671875 0.574843 0.065625 0.577615 0.059375 0.577615 0.059375 0.644142 0.065625 0.644142 0.0671875 0.646914 0.06875 0.646914 0.0703125 0.649686 0.071875 0.649686 0.0734375 0.652458 0.075 0.652458 0.078125 0.658002 0.0796875 0.65523 0.08125 0.65523 0.0828125 0.652458 0.084375 0.652458 0.0890625 0.644142 0.0890625 0.64137 0.090625 0.638598 0.090625 0.630282 0.0921875 0.62751 0.0921875 0.624739 0.0984375 0.613651 0.1 0.613651 0.101562 0.610879 0.103125 0.610879 0.104688 0.613651 0.107812 0.613651 0.115625 0.62751 0.115625 0.658002 0.117188 0.660774 0.120313 0.660774 0.121875 0.663546 0.142187 0.663546 0.14375 0.666318 0.159375 0.666318 0.160937 0.66909 0.164062 0.66909 0.165625 0.671862 0.167187 0.671862 0.16875 0.674634 0.170313 0.674634 0.171875 0.677406 0.175 0.677406 0.176562 0.680178 0.178125 0.680178 0.179688 0.68295 0.179688 0.691266 0.189062 0.691266 0.189062 0.68295 0.192187 0.677406 0.195312 0.677406 0.196875 0.674634 0.198437 0.674634 0.2 0.671862 0.201563 0.671862 0.203125 0.66909 0.20625 0.66909 0.207812 0.666318 0.2125 0.666318 0.214062 0.663546 0.21875 0.663546 0.220312 0.660774 0.223437 0.660774 0.225 0.658002 0.229687 0.658002 0.23125 0.65523 0.234375 0.65523 0.235937 0.652458 0.2375 0.652458 0.24375 0.64137 0.24375 0.638598 0.245312 0.635826 0.245312 0.633054 0.246875 0.630282 0.251563 0.630282 0.251563 0.624739 0.246875 0.624739 0.245312 0.621967 0.245312 0.616423 0.24375 0.613651 0.24375 0.610879 0.242188 0.608107 0.242188 0.605335 0.232813 0.588703 0.23125 0.588703 0.229687 0.585931 0.228125 0.585931 0.226562 0.583159 0.225 0.583159 0.223437 0.580387 0.220312 0.580387 0.21875 0.577615 0.215625 0.577615 0.214062 0.574843 0.209375 0.574843 0.207812 0.572071 0.204687 0.572071 0.203125 0.569299 0.196875 0.569299 0.195312 0.566527 0.192187 0.566527 0.190625 0.563755 0.189062 0.563755 0.184375 0.555439 0.182812 0.555439 0.18125 0.552667 0.179688 0.552667 0.176562 0.547123 0.176562 0.538808 0.919714 146
9 0.328125 0.305962 0.328125 0.347542 0.334375 0.347542 0.3375 0.341998 0.3375 0.339226 0.339062 0.336454 0.339062 0.33091 0.340625 0.328138 0.345312 0.328138 0.345312 0.305962 0.374537 104
0 0.109375 0.694038 0.109375 0.707897 0.107812 0.710669 0.107812 0.718985 0.10625 0.721757 0.10625 0.746705 0.107812 0.749477 0.107812 0.763337 0.109375 0.766109 0.109375 0.777197 0.107812 0.779969 0.107812 0.791056 0.10625 0.793828 0.10625 0.7966 0.104688 0.799372 0.104688 0.802144 0.0984375 0.813232 0.0984375 0.816004 0.096875 0.818776 0.096875 0.821548 0.0953125 0.82432 0.0953125 0.827092 0.0921875 0.832636 0.0921875 0.835408 0.0890625 0.840952 0.084375 0.840952 0.084375 1 0.165625 1 0.165625 0.99341 0.167187 0.990638 0.167187 0.985094 0.16875 0.982322 0.16875 0.97955 0.176562 0.96569 0.176562 0.962918 0.178125 0.960146 0.178125 0.957374 0.179688 0.954602 0.179688 0.951831 0.18125 0.949059 0.184375 0.949059 0.185938 0.951831 0.1875 0.951831 0.189062 0.954602 0.190625 0.954602 0.192187 0.957374 0.192187 0.960146 0.195312 0.96569 0.196875 0.96569 0.20625 0.982322 0.20625 0.985094 0.209375 0.990638 0.209375 1 0.226562 1 0.226562 0.976778 0.221875 0.976778 0.21875 0.971234 0.21875 0.968462 0.207812 0.949059 0.207812 0.946287 0.20625 0.943515 0.20625 0.940743 0.204687 0.937971 0.204687 0.935199 0.2 0.926883 0.2 0.924111 0.198437 0.921339 0.198437 0.918567 0.19375 0.910251 0.19375 0.907479 0.1875 0.896391 0.1875 0.893619 0.18125 0.882531 0.18125 0.879759 0.179688 0.876987 0.179688 0.874215 0.175 0.8659 0.175 0.863128 0.173437 0.860356 0.173437 0.857584 0.171875 0.854812 0.171875 0.85204 0.16875 0.846496 0.16875 0.843724 0.167187 0.840952 0.167187 0.83818 0.165625 0.835408 0.165625 0.832636 0.164062 0.829864 0.164062 0.827092 0.1625 0.82432 0.1625 0.821548 0.160937 0.818776 0.160937 0.816004 0.159375 0.813232 0.159375 0.81046 0.154688 0.802144 0.154688 0.799372 0.151562 0.793828 0.151562 0.791056 0.15 0.788284 0.15 0.774425 0.148438 0.771653 0.148438 0.727301 0.146875 0.724529 0.146875 0.716213 0.145313 0.713441 0.145313 0.707897 0.14375 0.705126 0.14375 0.694038 0.873805 161
0 0.995312 0.62751 0.995312 0.64137 0.99375 0.644142 0.99375 0.658002 0.992188 0.660774 0.992188 0.677406 0.990625 0.680178 0.990625 0.691266 0.989062 0.694038 0.989062 0.705126 0.9875 0.707897 0.9875 0.727301 0.985938 0.730073 0.985938 0.741161 0.984375 0.743933 0.984375 0.752249 0.982812 0.755021 0.982812 0.766109 0.98125 0.768881 0.98125 0.779969 0.979687 0.782741 0.979687 0.793828 0.978125 0.7966 0.978125 0.804916 0.976562 0.807688 0.976562 0.813232 0.975 0.816004 0.975 0.82432 0.973437 0.827092 0.973437 0.832636 0.971875 0.835408 0.971875 0.840952 0.970313 0.843724 0.970313 0.846496 0.965625 0.854812 0.965625 0.857584 0.960938 0.8659 0.960938 0.868671 0.95625 0.876987 0.95625 0.879759 0.951562 0.888075 0.946875 0.888075 0.946875 0.940743 0.959375 0.940743 0.960938 0.943515 0.9625 0.943515 0.964062 0.946287 0.965625 0.946287 0.967187 0.949059 0.967187 0.957374 0.979687 0.957374 0.979687 0.949059 0.98125 0.946287 0.982812 0.946287 0.984375 0.943515 0.9875 0.943515 0.989062 0.940743 0.998437 0.940743 0.998437 0.62751 0.454381 311
2 0.01875 0.505544 0.01875 0.516632 0.0171875 0.519404 0.015625 0.519404 0.0140625 0.522176 0.009375 0.522176 0.009375 0.552667 0.034375 0.552667 0.0359375 0.555439 0.04375 0.555439 0.0453125 0.558211 0.046875 0.555439 0.0484375 0.555439 0.05 0.552667 0.071875 0.552667 0.0734375 0.549895 0.075 0.549895 0.0765625 0.547123 0.0765625 0.544352 0.075 0.541579 0.075 0.536036 0.0734375 0.533264 0.0734375 0.530492 0.0671875 0.519404 0.065625 0.519404 0.0640625 0.516632 0.0625 0.516632 0.0609375 0.51386 0.0609375 0.505544 0.716086 208
0 0.146875 0.47228 0.146875 0.547123 0.154688 0.547123 0.154688 0.536036 0.15625 0.533264 0.15625 0.511088 0.157812 0.508316 0.157812 0.505544 0.159375 0.502772 0.164062 0.502772 0.159375 0.502772 0.157812 0.5 0.157812 0.491684 0.15625 0.488912 0.15625 0.47228 0.545906 209
0 0.846875 0.483368 0.846875 0.547123 0.857812 0.547123 0.857812 0.538808 0.859375 0.536036 0.864062 0.536036 0.864062 0.483368 0.459235 224
3 0.828125 0.494456 0.828125 0.547123 0.842187 0.547123 0.842187 0.51386 0.840625 0.511088 0.840625 0.494456 0.308244 304
0 0.0921875 0.616423 0.0921875 0.62751 0.090625 0.630282 0.090625 0.635826 0.0890625 0.638598 0.0890625 0.64137 0.0875 0.644142 0.0875 0.646914 0.0828125 0.65523 0.078125 0.65523 0.078125 0.743933 0.0828125 0.743933 0.084375 0.746705 0.084375 0.749477 0.0859375 0.752249 0.0859375 0.774425 0.0875 0.777197 0.0875 0.785513 0.0890625 0.788284 0.0890625 0.793828 0.090625 0.7966 0.090625 0.799372 0.09375 0.804916 0.09375 0.81046 0.0953125 0.813232 0.0953125 0.821548 0.096875 0.82432 0.096875 0.821548 0.0984375 0.818776 0.1 0.818776 0.107812 0.804916 0.107812 0.802144 0.1125 0.793828 0.1125 0.791056 0.114062 0.788284 0.114062 0.768881 0.1125 0.766109 0.1125 0.713441 0.114062 0.710669 0.114062 0.705126 0.117188 0.699582 0.117188 0.69681 0.11875 0.694038 0.11875 0.688494 0.117188 0.685722 0.117188 0.680178 0.115625 0.677406 0.115625 0.674634 0.114062 0.671862 0.114062 0.66909 0.1125 0.666318 0.1125 0.658002 0.114062 0.65523 0.114062 0.644142 0.115625 0.64137 0.115625 0.635826 0.114062 0.633054 0.114062 0.616423 0.73599 4
