9 0.003125 0.217259 0.003125 0.300418 0.009375 0.300418 0.0109375 0.297646 0.0125 0.297646 0.015625 0.292103 0.015625 0.286559 0.0171875 0.283787 0.0171875 0.261611 0.01875 0.258839 0.01875 0.217259 0.254713 15
2 0.959375 0.549895 0.959375 0.558211 0.95 0.574843 0.95 0.577615 0.948437 0.580387 0.948437 0.583159 0.945312 0.588703 0.940625 0.588703 0.940625 0.646914 0.946875 0.646914 0.948437 0.649686 0.948437 0.652458 0.953125 0.660774 0.953125 0.663546 0.95625 0.66909 0.95625 0.671862 0.957812 0.674634 0.959375 0.674634 0.960938 0.677406 0.975 0.677406 0.978125 0.68295 0.978125 0.691266 0.990625 0.691266 0.990625 0.680178 0.992188 0.677406 0.992188 0.674634 0.99375 0.671862 0.99375 0.66909 0.996875 0.663546 0.998437 0.663546 0.998437 0.549895 0.81447 134
2 0.553125 0.516632 0.553125 0.524948 0.551562 0.52772 0.551562 0.530492 0.545312 0.541579 0.540625 0.541579 0.540625 0.605335 0.548437 0.605335 0.55 0.608107 0.551562 0.608107 0.553125 0.610879 0.55625 0.610879 0.557813 0.613651 0.560937 0.613651 0.5625 0.616423 0.564062 0.616423 0.565625 0.619195 0.567187 0.619195 0.56875 0.621967 0.570312 0.621967 0.573438 0.62751 0.575 0.62751 0.576562 0.630282 0.578125 0.630282 0.579687 0.633054 0.58125 0.633054 0.582812 0.635826 0.592187 0.635826 0.59375 0.633054 0.596875 0.633054 0.598437 0.630282 0.601562 0.630282 0.603125 0.62751 0.60625 0.62751 0.607812 0.624739 0.6125 0.624739 0.614062 0.621967 0.66875 0.621967 0.670312 0.624739 0.676562 0.624739 0.678125 0.62751 0.684375 0.62751 0.685937 0.630282 0.692187 0.630282 0.69375 0.633054 0.698437 0.633054 0.7 0.635826 0.709375 0.635826 0.710938 0.633054 0.7125 0.633054 0.714062 0.630282 0.715625 0.630282 0.717187 0.62751 0.71875 0.62751 0.720313 0.624739 0.723437 0.624739 0.725 0.621967 0.726562 0.621967 0.728125 0.619195 0.729687 0.619195 0.734375 0.610879 0.739062 0.610879 0.739062 0.580387 0.734375 0.580387 0.73125 0.574843 0.73125 0.572071 0.725 0.560983 0.723437 0.560983 0.720313 0.555439 0.715625 0.555439 0.714062 0.552667 0.709375 0.552667 0.707812 0.549895 0.70625 0.549895 0.704688 0.547123 0.701562 0.547123 0.7 0.544352 0.696875 0.544352 0.695312 0.541579 0.69375 0.541579 0.692187 0.538808 0.689063 0.538808 0.6875 0.536036 0.685937 0.536036 0.684375 0.533264 0.68125 0.533264 0.679688 0.530492 0.678125 0.530492 0.675 0.524948 0.675 0.516632 0.90014 164
9 0.634375 0.31705 0.634375 0.347542 0.651562 0.347542 0.651562 0.31705 0.505976 13
2 0.584375 0.47228 0.584375 0.51386 0.601562 0.51386 0.601562 0.505544 0.603125 0.502772 0.60625 0.502772 0.607812 0.5 0.610938 0.5 0.614062 0.494456 0.620312 0.494456 0.620312 0.47228 0.639621 1
9 0.953125 0.0287657 0.953125 0.186768 0.957812 0.186768 0.959375 0.18954 0.959375 0.192312 0.965625 0.2034 0.967187 0.2034 0.96875 0.206172 0.970313 0.206172 0.971875 0.208944 0.975 0.208944 0.976562 0.211715 0.979687 0.211715 0.98125 0.214487 0.990625 0.214487 0.992188 0.211715 0.995312 0.211715 0.996875 0.208944 0.998437 0.208944 0.998437 0.0287657 0.281625 19
2 0.534375 0.461192 0.534375 0.51386 0.5625 0.51386 0.5625 0.5 0.565625 0.494456 0.570312 0.494456 0.570312 0.488912 0.565625 0.488912 0.564062 0.48614 0.564062 0.483368 0.5625 0.480596 0.5625 0.47228 0.560937 0.469508 0.560937 0.461192 0.628523 3
2 0.490625 0.461192 0.490625 0.502772 0.520312 0.502772 0.520312 0.461192 0.675219 265
2 0.396875 0.461192 0.396875 0.516632 0.432812 0.516632 0.435937 0.511088 0.435937 0.508316 0.4375 0.505544 0.4375 0.491684 0.435937 0.488912 0.435937 0.480596 0.434375 0.477824 0.434375 0.475052 0.432812 0.47228 0.432812 0.461192 0.604449 12
5 0.303125 0.405753 0.303125 0.414069 0.301562 0.416841 0.298438 0.416841 0.296875 0.419613 0.29375 0.419613 0.292187 0.422385 0.284375 0.422385 0.284375 0.522176 0.29375 0.522176 0.295312 0.524948 0.296875 0.524948 0.298438 0.52772 0.298438 0.536036 0.340625 0.536036 0.340625 0.52772 0.342187 0.524948 0.345312 0.524948 0.346875 0.522176 0.351562 0.522176 0.353125 0.519404 0.354687 0.519404 0.35625 0.516632 0.359375 0.516632 0.360937 0.51386 0.364063 0.51386 0.365625 0.511088 0.36875 0.511088 0.370312 0.508316 0.375 0.508316 0.376562 0.505544 0.379688 0.505544 0.38125 0.502772 0.38125 0.5 0.382812 0.497228 0.389062 0.497228 0.389062 0.436245 0.384375 0.436245 0.382812 0.433473 0.382812 0.430701 0.38125 0.427929 0.38125 0.419613 0.379688 0.416841 0.379688 0.405753 0.919859 288
2 0.434375 0.450105 0.434375 0.491684 0.454687 0.491684 0.454687 0.450105 0.622974 42
0 0.498437 0.560983 0.498437 0.580387 0.5 0.583159 0.5 0.591475 0.501562 0.594247 0.5 0.597019 0.5 0.608107 0.495312 0.616423 0.490625 0.616423 0.490625 0.738389 0.495312 0.738389 0.496875 0.741161 0.496875 0.749477 0.498437 0.752249 0.498437 0.771653 0.5 0.774425 0.5 0.785513 0.501562 0.788284 0.501562 0.807688 0.5 0.81046 0.5 0.813232 0.498437 0.816004 0.498437 0.818776 0.496875 0.821548 0.490625 0.821548 0.490625 0.829864 0.498437 0.829864 0.5 0.832636 0.50625 0.832636 0.507812 0.835408 0.515625 0.835408 0.51875 0.829864 0.51875 0.827092 0.520312 0.82432 0.520312 0.81046 0.521875 0.807688 0.521875 0.791056 0.523438 0.788284 0.523438 0.721757 0.525 0.718985 0.525 0.713441 0.529687 0.705126 0.529687 0.699582 0.53125 0.69681 0.53125 0.688494 0.529687 0.685722 0.529687 0.671862 0.528125 0.66909 0.528125 0.610879 0.526563 0.608107 0.526563 0.605335 0.51875 0.591475 0.51875 0.588703 0.517187 0.585931 0.517187 0.574843 0.515625 0.572071 0.515625 0.560983 0.869327 140
0 0.728125 0.47228 0.728125 0.524948 0.732812 0.524948 0.734375 0.522176 0.734375 0.519404 0.735938 0.516632 0.735938 0.502772 0.7375 0.5 0.7375 0.47228 0.382137 131
2 0.125 0.538808 0.125 0.547123 0.121875 0.552667 0.11875 0.552667 0.117188 0.555439 0.115625 0.555439 0.114062 0.558211 0.1125 0.558211 0.109375 0.563755 0.107812 0.563755 0.10625 0.566527 0.104688 0.566527 0.101562 0.572071 0.1 0.572071 0.0984375 0.574843 0.0953125 0.574843 0.09375 0.577615 0.090625 0.577615 0.0890625 0.580387 0.084375 0.580387 0.084375 0.644142 0.0890625 0.644142 0.090625 0.646914 0.0921875 0.646914 0.09375 0.649686 0.096875 0.649686 0.0984375 0.652458 0.10625 0.652458 0.107812 0.65523 0.114062 0.65523 0.115625 0.658002 0.117188 0.658002 0.11875 0.660774 0.120313 0.660774 0.121875 0.663546 0.164062 0.663546 0.165625 0.666318 0.1875 0.666318 0.189062 0.66909 0.198437 0.66909 0.2 0.671862 0.203125 0.671862 0.204687 0.674634 0.20625 0.674634 0.207812 0.677406 0.209375 0.677406 0.2125 0.68295 0.2125 0.691266 0.23125 0.691266 0.23125 0.68295 0.234375 0.677406 0.2375 0.677406 0.239062 0.674634 0.242188 0.674634 0.24375 0.671862 0.246875 0.671862 0.248438 0.66909 0.254687 0.66909 0.25625 0.666318 0.2625 0.666318 0.264062 0.663546 0.267188 0.663546 0.26875 0.660774 0.270312 0.660774 0.271875 0.658002 0.273438 0.658002 0.279687 0.646914 0.279687 0.644142 0.28125 0.64137 0.28125 0.638598 0.282813 0.635826 0.282813 0.621967 0.28125 0.619195 0.28125 0.610879 0.279687 0.608107 0.279687 0.605335 0.271875 0.591475 0.270312 0.591475 0.26875 0.588703 0.267188 0.588703 0.265625 0.585931 0.264062 0.585931 0.2625 0.583159 0.259375 0.583159 0.257812 0.580387 0.254687 0.580387 0.253125 0.577615 0.248438 0.577615 0.246875 0.574843 0.242188 0.574843 0.240625 0.572071 0.234375 0.572071 0.232813 0.569299 0.23125 0.569299 0.229687 0.566527 0.226562 0.566527 0.225 0.563755 0.223437 0.563755 0.221875 0.560983 0.220312 0.560983 0.21875 0.558211 0.217188 0.558211 0.215625 0.555439 0.2125 0.555439 0.210938 0.552667 0.209375 0.552667 0.20625 0.547123 0.20625 0.538808 0.914291 133
9 0.328125 0.305962 0.328125 0.35863 0.332813 0.35863 0.332813 0.350314 0.3375 0.341998 0.3375 0.339226 0.339062 0.336454 0.339062 0.33091 0.340625 0.328138 0.345312 0.328138 0.345312 0.305962 0.372877 108
0 0.140625 0.694038 0.140625 0.705126 0.1375 0.710669 0.1375 0.713441 0.135937 0.716213 0.135937 0.721757 0.134375 0.724529 0.134375 0.732845 0.135937 0.735617 0.135937 0.749477 0.1375 0.752249 0.1375 0.757793 0.139062 0.760565 0.139062 0.763337 0.142187 0.768881 0.142187 0.774425 0.14375 0.777197 0.14375 0.7966 0.142187 0.799372 0.142187 0.802144 0.139062 0.807688 0.139062 0.81046 0.135937 0.816004 0.135937 0.818776 0.134375 0.821548 0.134375 0.82432 0.13125 0.829864 0.13125 0.832636 0.129688 0.835408 0.129688 0.840952 0.128125 0.843724 0.128125 0.846496 0.126562 0.849268 0.121875 0.849268 0.121875 0.990638 0.126562 0.990638 0.128125 0.99341 0.128125 1 0.209375 1 0.209375 0.990638 0.210938 0.987866 0.210938 0.97955 0.2125 0.976778 0.2125 0.971234 0.214062 0.968462 0.215625 0.968462 0.217188 0.971234 0.217188 0.974006 0.21875 0.976778 0.220312 0.976778 0.223437 0.982322 0.223437 0.985094 0.226562 0.990638 0.226562 1 0.242188 1 0.242188 0.97955 0.235937 0.968462 0.235937 0.96569 0.23125 0.957374 0.23125 0.951831 0.229687 0.949059 0.229687 0.943515 0.228125 0.940743 0.228125 0.937971 0.225 0.932427 0.225 0.929655 0.223437 0.926883 0.223437 0.924111 0.221875 0.921339 0.221875 0.918567 0.21875 0.913023 0.21875 0.910251 0.217188 0.907479 0.217188 0.904707 0.215625 0.901935 0.215625 0.899163 0.2125 0.893619 0.2125 0.890847 0.210938 0.888075 0.210938 0.882531 0.209375 0.879759 0.209375 0.876987 0.207812 0.874215 0.207812 0.871444 0.20625 0.868671 0.20625 0.863128 0.204687 0.860356 0.204687 0.854812 0.201563 0.849268 0.201563 0.846496 0.2 0.843724 0.2 0.840952 0.198437 0.83818 0.198437 0.835408 0.196875 0.832636 0.196875 0.827092 0.19375 0.821548 0.19375 0.818776 0.192187 0.816004 0.192187 0.813232 0.190625 0.81046 0.190625 0.807688 0.189062 0.804916 0.189062 0.802144 0.1875 0.799372 0.1875 0.7966 0.185938 0.793828 0.185938 0.749477 0.184375 0.746705 0.184375 0.724529 0.182812 0.721757 0.182812 0.713441 0.18125 0.710669 0.18125 0.694038 0.874875 151
2 0.0171875 0.505544 0.0171875 0.516632 0.015625 0.519404 0.009375 0.519404 0.009375 0.549895 0.015625 0.549895 0.0171875 0.552667 0.034375 0.552667 0.0359375 0.555439 0.04375 0.555439 0.0453125 0.558211 0.046875 0.558211 0.0484375 0.555439 0.05 0.555439 0.0515625 0.552667 0.0609375 0.552667 0.0625 0.555439 0.0671875 0.555439 0.06875 0.552667 0.071875 0.552667 0.0734375 0.549895 0.075 0.549895 0.075 0.536036 0.0734375 0.533264 0.0734375 0.530492 0.06875 0.522176 0.0671875 0.522176 0.065625 0.519404 0.0640625 0.519404 0.0609375 0.51386 0.0609375 0.505544 0.736093 194
0 0.146875 0.47228 0.146875 0.547123 0.154688 0.547123 0.154688 0.536036 0.15625 0.533264 0.15625 0.524948 0.157812 0.522176 0.157812 0.516632 0.159375 0.51386 0.164062 0.51386 0.164062 0.48614 0.159375 0.48614 0.157812 0.483368 0.157812 0.47228 0.570081 195
0 0.846875 0.483368 0.846875 0.541579 0.853125 0.541579 0.853125 0.538808 0.854687 0.536036 0.854687 0.483368 0.424234 221
3 0.828125 0.494456 0.828125 0.547123 0.840625 0.547123 0.840625 0.530492 0.842187 0.52772 0.842187 0.524948 0.840625 0.522176 0.840625 0.505544 0.839062 0.502772 0.839062 0.494456 0.345921 299
0 0.0875 0.616423 0.0875 0.624739 0.0890625 0.62751 0.0890625 0.64137 0.0875 0.644142 0.0875 0.646914 0.084375 0.652458 0.078125 0.652458 0.078125 0.746705 0.0828125 0.746705 0.084375 0.749477 0.084375 0.752249 0.0859375 0.755021 0.0859375 0.777197 0.0875 0.779969 0.0875 0.788284 0.0890625 0.791056 0.0890625 0.793828 0.090625 0.7966 0.090625 0.799372 0.0921875 0.802144 0.0921875 0.807688 0.09375 0.81046 0.09375 0.821548 0.0953125 0.82432 0.0953125 0.832636 0.096875 0.835408 0.096875 0.846496 0.0984375 0.849268 0.0984375 0.868671 0.1 0.871444 0.1 0.882531 0.101562 0.885303 0.101562 0.893619 0.103125 0.896391 0.103125 0.901935 0.104688 0.904707 0.104688 0.910251 0.10625 0.913023 0.10625 0.915795 0.107812 0.918567 0.107812 0.924111 0.109375 0.926883 0.109375 0.929655 0.110937 0.932427 0.110937 0.935199 0.1125 0.937971 0.1125 0.940743 0.114062 0.943515 0.114062 0.946287 0.117188 0.946287 0.11875 0.943515 0.120313 0.943515 0.123437 0.937971 0.123437 0.910251 0.121875 0.907479 0.121875 0.868671 0.123437 0.8659 0.123437 0.857584 0.125 0.854812 0.125 0.85204 0.126562 0.849268 0.126562 0.843724 0.128125 0.840952 0.128125 0.835408 0.129688 0.832636 0.129688 0.829864 0.13125 0.827092 0.13125 0.821548 0.132812 0.818776 0.132812 0.816004 0.134375 0.813232 0.139062 0.813232 0.139062 0.802144 0.134375 0.802144 0.132812 0.799372 0.132812 0.7966 0.13125 0.793828 0.13125 0.782741 0.129688 0.779969 0.129688 0.771653 0.128125 0.768881 0.128125 0.763337 0.126562 0.760565 0.126562 0.755021 0.125 0.752249 0.125 0.746705 0.123437 0.743933 0.123437 0.727301 0.121875 0.724529 0.121875 0.707897 0.120313 0.705126 0.120313 0.699582 0.11875 0.69681 0.11875 0.691266 0.117188 0.688494 0.117188 0.685722 0.115625 0.68295 0.115625 0.680178 0.114062 0.677406 0.114062 0.674634 0.1125 0.671862 0.1125 0.66909 0.110937 0.666318 0.110937 0.65523 0.114062 0.649686 0.114062 0.644142 0.115625 0.64137 0.115625 0.635826 0.1125 0.630282 0.1125 0.616423 0.758385 4
2 0 0.538808 0 0.602563 0.003125 0.602563 0.003125 0.594247 0.0109375 0.580387 0.0109375 0.538808 0.687863 234
9 0.003125 0.217259 0.003125 0.300418 0.009375 0.300418 0.0109375 0.297646 0.0125 0.297646 0.015625 0.292103 0.015625 0.286559 0.0171875 0.283787 0.0171875 0.261611 0.01875 0.258839 0.01875 0.217259 0.254713 15
2 0.959375 0.549895 0.959375 0.558211 0.95 0.574843 0.95 0.577615 0.948437 0.580387 0.948437 0.583159 0.945312 0.588703 0.940625 0.588703 0.940625 0.646914 0.946875 0.646914 0.948437 0.649686 0.948437 0.652458 0.953125 0.660774 0.953125 0.663546 0.95625 0.66909 0.95625 0.671862 0.957812 0.674634 0.959375 0.674634 0.960938 0.677406 0.975 0.677406 0.978125 0.68295 0.978125 0.691266 0.990625 0.691266 0.990625 0.680178 0.992188 0.677406 0.992188 0.674634 0.99375 0.671862 0.99375 0.66909 0.996875 0.663546 0.998437 0.663546 0.998437 0.549895 0.81447 136
2 0.553125 0.516632 0.553125 0.524948 0.551562 0.52772 0.551562 0.530492 0.545312 0.541579 0.540625 0.541579 0.540625 0.605335 0.548437 0.605335 0.55 0.608107 0.551562 0.608107 0.553125 0.610879 0.55625 0.610879 0.557813 0.613651 0.560937 0.613651 0.5625 0.616423 0.564062 0.616423 0.565625 0.619195 0.567187 0.619195 0.56875 0.621967 0.570312 0.621967 0.573438 0.62751 0.575 0.62751 0.576562 0.630282 0.578125 0.630282 0.579687 0.633054 0.58125 0.633054 0.582812 0.635826 0.592187 0.635826 0.59375 0.633054 0.596875 0.633054 0.598437 0.630282 0.601562 0.630282 0.603125 0.62751 0.60625 0.62751 0.607812 0.624739 0.6125 0.624739 0.614062 0.621967 0.66875 0.621967 0.670312 0.624739 0.676562 0.624739 0.678125 0.62751 0.684375 0.62751 0.685937 0.630282 0.692187 0.630282 0.69375 0.633054 0.698437 0.633054 0.7 0.635826 0.709375 0.635826 0.710938 0.633054 0.7125 0.633054 0.714062 0.630282 0.715625 0.630282 0.717187 0.62751 0.71875 0.62751 0.720313 0.624739 0.723437 0.624739 0.725 0.621967 0.726562 0.621967 0.728125 0.619195 0.729687 0.619195 0.734375 0.610879 0.739062 0.610879 0.739062 0.580387 0.734375 0.580387 0.73125 0.574843 0.73125 0.572071 0.725 0.560983 0.723437 0.560983 0.720313 0.555439 0.715625 0.555439 0.714062 0.552667 0.709375 0.552667 0.707812 0.549895 0.70625 0.549895 0.704688 0.547123 0.701562 0.547123 0.7 0.544352 0.696875 0.544352 0.695312 0.541579 0.69375 0.541579 0.692187 0.538808 0.689063 0.538808 0.6875 0.536036 0.685937 0.536036 0.684375 0.533264 0.68125 0.533264 0.679688 0.530492 0.678125 0.530492 0.675 0.524948 0.675 0.516632 0.90014 165
9 0.634375 0.31705 0.634375 0.347542 0.651562 0.347542 0.651562 0.31705 0.505976 13
2 0.584375 0.47228 0.584375 0.51386 0.601562 0.51386 0.601562 0.505544 0.603125 0.502772 0.60625 0.502772 0.607812 0.5 0.610938 0.5 0.614062 0.494456 0.620312 0.494456 0.620312 0.47228 0.639621 1
9 0.953125 0.0287657 0.953125 0.186768 0.957812 0.186768 0.959375 0.18954 0.959375 0.192312 0.965625 0.2034 0.967187 0.2034 0.96875 0.206172 0.970313 0.206172 0.971875 0.208944 0.975 0.208944 0.976562 0.211715 0.979687 0.211715 0.98125 0.214487 0.990625 0.214487 0.992188 0.211715 0.995312 0.211715 0.996875 0.208944 0.998437 0.208944 0.998437 0.0287657 0.281625 19
2 0.534375 0.461192 0.534375 0.51386 0.5625 0.51386 0.5625 0.5 0.565625 0.494456 0.570312 0.494456 0.570312 0.488912 0.565625 0.488912 0.564062 0.48614 0.564062 0.483368 0.5625 0.480596 0.5625 0.47228 0.560937 0.469508 0.560937 0.461192 0.628523 3
2 0.490625 0.461192 0.490625 0.502772 0.520312 0.502772 0.520312 0.461192 0.675219 270
2 0.396875 0.461192 0.396875 0.516632 0.432812 0.516632 0.435937 0.511088 0.435937 0.508316 0.4375 0.505544 0.4375 0.491684 0.435937 0.488912 0.435937 0.480596 0.434375 0.477824 0.434375 0.475052 0.432812 0.47228 0.432812 0.461192 0.604449 12
5 0.303125 0.405753 0.303125 0.414069 0.301562 0.416841 0.298438 0.416841 0.296875 0.419613 0.29375 0.419613 0.292187 0.422385 0.284375 0.422385 0.284375 0.522176 0.29375 0.522176 0.295312 0.524948 0.296875 0.524948 0.298438 0.52772 0.298438 0.536036 0.340625 0.536036 0.340625 0.52772 0.342187 0.524948 0.345312 0.524948 0.346875 0.522176 0.351562 0.522176 0.353125 0.519404 0.354687 0.519404 0.35625 0.516632 0.359375 0.516632 0.360937 0.51386 0.364063 0.51386 0.365625 0.511088 0.36875 0.511088 0.370312 0.508316 0.375 0.508316 0.376562 0.505544 0.379688 0.505544 0.38125 0.502772 0.38125 0.5 0.382812 0.497228 0.389062 0.497228 0.389062 0.436245 0.384375 0.436245 0.382812 0.433473 0.382812 0.430701 0.38125 0.427929 0.38125 0.419613 0.379688 0.416841 0.379688 0.405753 0.919859 296
2 0.434375 0.450105 0.434375 0.491684 0.454687 0.491684 0.454687 0.450105 0.622974 50
0 0.498437 0.560983 0.498437 0.580387 0.5 0.583159 0.5 0.591475 0.501562 0.594247 0.5 0.597019 0.5 0.608107 0.495312 0.616423 0.490625 0.616423 0.490625 0.738389 0.495312 0.738389 0.496875 0.741161 0.496875 0.749477 0.498437 0.752249 0.498437 0.771653 0.5 0.774425 0.5 0.785513 0.501562 0.788284 0.501562 0.807688 0.5 0.81046 0.5 0.813232 0.498437 0.816004 0.498437 0.818776 0.496875 0.821548 0.490625 0.821548 0.490625 0.829864 0.498437 0.829864 0.5 0.832636 0.50625 0.832636 0.507812 0.835408 0.515625 0.835408 0.51875 0.829864 0.51875 0.827092 0.520312 0.82432 0.520312 0.81046 0.521875 0.807688 0.521875 0.791056 0.523438 0.788284 0.523438 0.721757 0.525 0.718985 0.525 0.713441 0.529687 0.705126 0.529687 0.699582 0.53125 0.69681 0.53125 0.688494 0.529687 0.685722 0.529687 0.671862 0.528125 0.66909 0.528125 0.610879 0.526563 0.608107 0.526563 0.605335 0.51875 0.591475 0.51875 0.588703 0.517187 0.585931 0.517187 0.574843 0.515625 0.572071 0.515625 0.560983 0.869327 143
0 0.728125 0.47228 0.728125 0.524948 0.732812 0.524948 0.734375 0.522176 0.734375 0.519404 0.735938 0.516632 0.735938 0.502772 0.7375 0.5 0.7375 0.47228 0.382137 140
2 0.125 0.538808 0.125 0.547123 0.121875 0.552667 0.11875 0.552667 0.117188 0.555439 0.115625 0.555439 0.114062 0.558211 0.1125 0.558211 0.109375 0.563755 0.107812 0.563755 0.10625 0.566527 0.104688 0.566527 0.101562 0.572071 0.1 0.572071 0.0984375 0.574843 0.0953125 0.574843 0.09375 0.577615 0.090625 0.577615 0.0890625 0.580387 0.084375 0.580387 0.084375 0.644142 0.0890625 0.644142 0.090625 0.646914 0.0921875 0.646914 0.09375 0.649686 0.096875 0.649686 0.0984375 0.652458 0.10625 0.652458 0.107812 0.65523 0.114062 0.65523 0.115625 0.658002 0.117188 0.658002 0.11875 0.660774 0.120313 0.660774 0.121875 0.663546 0.164062 0.663546 0.165625 0.666318 0.1875 0.666318 0.189062 0.66909 0.198437 0.66909 0.2 0.671862 0.203125 0.671862 0.204687 0.674634 0.20625 0.674634 0.207812 0.677406 0.209375 0.677406 0.2125 0.68295 0.2125 0.691266 0.23125 0.691266 0.23125 0.68295 0.234375 0.677406 0.2375 0.677406 0.239062 0.674634 0.242188 0.674634 0.24375 0.671862 0.246875 0.671862 0.248438 0.66909 0.254687 0.66909 0.25625 0.666318 0.2625 0.666318 0.264062 0.663546 0.267188 0.663546 0.26875 0.660774 0.270312 0.660774 0.271875 0.658002 0.273438 0.658002 0.279687 0.646914 0.279687 0.644142 0.28125 0.64137 0.28125 0.638598 0.282813 0.635826 0.282813 0.621967 0.28125 0.619195 0.28125 0.610879 0.279687 0.608107 0.279687 0.605335 0.271875 0.591475 0.270312 0.591475 0.26875 0.588703 0.267188 0.588703 0.265625 0.585931 0.264062 0.585931 0.2625 0.583159 0.259375 0.583159 0.257812 0.580387 0.254687 0.580387 0.253125 0.577615 0.248438 0.577615 0.246875 0.574843 0.242188 0.574843 0.240625 0.572071 0.234375 0.572071 0.232813 0.569299 0.23125 0.569299 0.229687 0.566527 0.226562 0.566527 0.225 0.563755 0.223437 0.563755 0.221875 0.560983 0.220312 0.560983 0.21875 0.558211 0.217188 0.558211 0.215625 0.555439 0.2125 0.555439 0.210938 0.552667 0.209375 0.552667 0.20625 0.547123 0.20625 0.538808 0.914291 146
9 0.328125 0.305962 0.328125 0.35863 0.332813 0.35863 0.332813 0.350314 0.3375 0.341998 0.3375 0.339226 0.339062 0.336454 0.339062 0.33091 0.340625 0.328138 0.345312 0.328138 0.345312 0.305962 0.372877 104
0 0.140625 0.694038 0.140625 0.705126 0.1375 0.710669 0.1375 0.713441 0.135937 0.716213 0.135937 0.721757 0.134375 0.724529 0.134375 0.732845 0.135937 0.735617 0.135937 0.749477 0.1375 0.752249 0.1375 0.757793 0.139062 0.760565 0.139062 0.763337 0.142187 0.768881 0.142187 0.774425 0.14375 0.777197 0.14375 0.7966 0.142187 0.799372 0.142187 0.802144 0.139062 0.807688 0.139062 0.81046 0.135937 0.816004 0.135937 0.818776 0.134375 0.821548 0.134375 0.82432 0.13125 0.829864 0.13125 0.832636 0.129688 0.835408 0.129688 0.840952 0.128125 0.843724 0.128125 0.846496 0.126562 0.849268 0.121875 0.849268 0.121875 0.990638 0.126562 0.990638 0.128125 0.99341 0.128125 1 0.209375 1 0.209375 0.990638 0.210938 0.987866 0.210938 0.97955 0.2125 0.976778 0.2125 0.971234 0.214062 0.968462 0.215625 0.968462 0.217188 0.971234 0.217188 0.974006 0.21875 0.976778 0.220312 0.976778 0.223437 0.982322 0.223437 0.985094 0.226562 0.990638 0.226562 1 0.242188 1 0.242188 0.97955 0.235937 0.968462 0.235937 0.96569 0.23125 0.957374 0.23125 0.951831 0.229687 0.949059 0.229687 0.943515 0.228125 0.940743 0.228125 0.937971 0.225 0.932427 0.225 0.929655 0.223437 0.926883 0.223437 0.924111 0.221875 0.921339 0.221875 0.918567 0.21875 0.913023 0.21875 0.910251 0.217188 0.907479 0.217188 0.904707 0.215625 0.901935 0.215625 0.899163 0.2125 0.893619 0.2125 0.890847 0.210938 0.888075 0.210938 0.882531 0.209375 0.879759 0.209375 0.876987 0.207812 0.874215 0.207812 0.871444 0.20625 0.868671 0.20625 0.863128 0.204687 0.860356 0.204687 0.854812 0.201563 0.849268 0.201563 0.846496 0.2 0.843724 0.2 0.840952 0.198437 0.83818 0.198437 0.835408 0.196875 0.832636 0.196875 0.827092 0.19375 0.821548 0.19375 0.818776 0.192187 0.816004 0.192187 0.813232 0.190625 0.81046 0.190625 0.807688 0.189062 0.804916 0.189062 0.802144 0.1875 0.799372 0.1875 0.7966 0.185938 0.793828 0.185938 0.749477 0.184375 0.746705 0.184375 0.724529 0.182812 0.721757 0.182812 0.713441 0.18125 0.710669 0.18125 0.694038 0.874875 161
2 0.0171875 0.505544 0.0171875 0.516632 0.015625 0.519404 0.009375 0.519404 0.009375 0.549895 0.015625 0.549895 0.0171875 0.552667 0.034375 0.552667 0.0359375 0.555439 0.04375 0.555439 0.0453125 0.558211 0.046875 0.558211 0.0484375 0.555439 0.05 0.555439 0.0515625 0.552667 0.0609375 0.552667 0.0625 0.555439 0.0671875 0.555439 0.06875 0.552667 0.071875 0.552667 0.0734375 0.549895 0.075 0.549895 0.075 0.536036 0.0734375 0.533264 0.0734375 0.530492 0.06875 0.522176 0.0671875 0.522176 0.065625 0.519404 0.0640625 0.519404 0.0609375 0.51386 0.0609375 0.505544 0.736093 208
0 0.146875 0.47228 0.146875 0.547123 0.154688 0.547123 0.154688 0.536036 0.15625 0.533264 0.15625 0.524948 0.157812 0.522176 0.157812 0.516632 0.159375 0.51386 0.164062 0.51386 0.164062 0.48614 0.159375 0.48614 0.157812 0.483368 0.157812 0.47228 0.570081 209
0 0.846875 0.483368 0.846875 0.541579 0.853125 0.541579 0.853125 0.538808 0.854687 0.536036 0.854687 0.483368 0.424234 224
3 0.828125 0.494456 0.828125 0.547123 0.840625 0.547123 0.840625 0.530492 0.842187 0.52772 0.842187 0.524948 0.840625 0.522176 0.840625 0.505544 0.839062 0.502772 0.839062 0.494456 0.345921 304
0 0.0875 0.616423 0.0875 0.624739 0.0890625 0.62751 0.0890625 0.64137 0.0875 0.644142 0.0875 0.646914 0.084375 0.652458 0.078125 0.652458 0.078125 0.746705 0.0828125 0.746705 0.084375 0.749477 0.084375 0.752249 0.0859375 0.755021 0.0859375 0.777197 0.0875 0.779969 0.0875 0.788284 0.0890625 0.791056 0.0890625 0.793828 0.090625 0.7966 0.090625 0.799372 0.0921875 0.802144 0.0921875 0.807688 0.09375 0.81046 0.09375 0.821548 0.0953125 0.82432 0.0953125 0.832636 0.096875 0.835408 0.096875 0.846496 0.0984375 0.849268 0.0984375 0.868671 0.1 0.871444 0.1 0.882531 0.101562 0.885303 0.101562 0.893619 0.103125 0.896391 0.103125 0.901935 0.104688 0.904707 0.104688 0.910251 0.10625 0.913023 0.10625 0.915795 0.107812 0.918567 0.107812 0.924111 0.109375 0.926883 0.109375 0.929655 0.110937 0.932427 0.110937 0.935199 0.1125 0.937971 0.1125 0.940743 0.114062 0.943515 0.114062 0.946287 0.117188 0.946287 0.11875 0.943515 0.120313 0.943515 0.123437 0.937971 0.123437 0.910251 0.121875 0.907479 0.121875 0.868671 0.123437 0.8659 0.123437 0.857584 0.125 0.854812 0.125 0.85204 0.126562 0.849268 0.126562 0.843724 0.128125 0.840952 0.128125 0.835408 0.129688 0.832636 0.129688 0.829864 0.13125 0.827092 0.13125 0.821548 0.132812 0.818776 0.132812 0.816004 0.134375 0.813232 0.139062 0.813232 0.139062 0.802144 0.134375 0.802144 0.132812 0.799372 0.132812 0.7966 0.13125 0.793828 0.13125 0.782741 0.129688 0.779969 0.129688 0.771653 0.128125 0.768881 0.128125 0.763337 0.126562 0.760565 0.126562 0.755021 0.125 0.752249 0.125 0.746705 0.123437 0.743933 0.123437 0.727301 0.121875 0.724529 0.121875 0.707897 0.120313 0.705126 0.120313 0.699582 0.11875 0.69681 0.11875 0.691266 0.117188 0.688494 0.117188 0.685722 0.115625 0.68295 0.115625 0.680178 0.114062 0.677406 0.114062 0.674634 0.1125 0.671862 0.1125 0.66909 0.110937 0.666318 0.110937 0.65523 0.114062 0.649686 0.114062 0.644142 0.115625 0.64137 0.115625 0.635826 0.1125 0.630282 0.1125 0.616423 0.758385 4
2 0 0.538808 0 0.602563 0.003125 0.602563 0.003125 0.594247 0.0109375 0.580387 0.0109375 0.538808 0.687863 241
