9 0.003125 0.217259 0.003125 0.30319 0.015625 0.30319 0.015625 0.289331 0.0171875 0.286559 0.0171875 0.264383 0.01875 0.261611 0.01875 0.217259 0.288763 15
2 0.946875 0.549895 0.946875 0.558211 0.94375 0.563755 0.94375 0.566527 0.935937 0.580387 0.935937 0.585931 0.932812 0.591475 0.928125 0.591475 0.928125 0.649686 0.934375 0.649686 0.939063 0.658002 0.939063 0.660774 0.94375 0.66909 0.94375 0.671862 0.946875 0.677406 0.948437 0.677406 0.95 0.680178 0.960938 0.680178 0.9625 0.68295 0.965625 0.68295 0.971875 0.694038 0.971875 0.702354 0.985938 0.702354 0.985938 0.694038 0.9875 0.691266 0.9875 0.688494 0.989062 0.685722 0.989062 0.68295 0.990625 0.680178 0.990625 0.677406 0.992188 0.674634 0.992188 0.671862 0.99375 0.66909 0.99375 0.660774 0.995312 0.658002 0.995312 0.65523 0.996875 0.652458 0.998437 0.652458 0.998437 0.549895 0.839738 134
2 0.539062 0.505544 0.539062 0.51386 0.53125 0.52772 0.53125 0.530492 0.526563 0.538808 0.521875 0.538808 0.521875 0.605335 0.528125 0.605335 0.529687 0.608107 0.532812 0.608107 0.534375 0.610879 0.5375 0.610879 0.539062 0.613651 0.540625 0.613651 0.542188 0.616423 0.54375 0.616423 0.545312 0.619195 0.546875 0.619195 0.548437 0.621967 0.55 0.621967 0.553125 0.62751 0.554688 0.62751 0.55625 0.630282 0.557813 0.630282 0.559375 0.633054 0.564062 0.633054 0.565625 0.635826 0.567187 0.633054 0.571875 0.633054 0.573438 0.630282 0.575 0.630282 0.576562 0.62751 0.579687 0.62751 0.58125 0.624739 0.582812 0.624739 0.584375 0.621967 0.59375 0.621967 0.595312 0.619195 0.615625 0.619195 0.617188 0.621967 0.65625 0.621967 0.657813 0.624739 0.665625 0.624739 0.667187 0.62751 0.671875 0.62751 0.673438 0.630282 0.675 0.630282 0.676562 0.633054 0.679688 0.633054 0.68125 0.635826 0.682812 0.635826 0.684375 0.638598 0.684375 0.646914 0.6875 0.646914 0.6875 0.638598 0.689063 0.635826 0.690625 0.635826 0.692187 0.633054 0.69375 0.633054 0.695312 0.630282 0.696875 0.630282 0.698437 0.62751 0.7 0.62751 0.701562 0.624739 0.703125 0.624739 0.704688 0.621967 0.707812 0.621967 0.709375 0.619195 0.710938 0.619195 0.7125 0.616423 0.714062 0.616423 0.714062 0.613651 0.717187 0.608107 0.717187 0.583159 0.715625 0.580387 0.715625 0.577615 0.707812 0.563755 0.70625 0.563755 0.704688 0.560983 0.703125 0.560983 0.701562 0.558211 0.7 0.558211 0.698437 0.555439 0.696875 0.555439 0.695312 0.552667 0.69375 0.552667 0.692187 0.549895 0.689063 0.549895 0.6875 0.547123 0.685937 0.547123 0.684375 0.544352 0.682812 0.544352 0.68125 0.541579 0.679688 0.541579 0.678125 0.538808 0.670312 0.538808 0.66875 0.536036 0.665625 0.536036 0.664062 0.533264 0.6625 0.533264 0.660937 0.530492 0.657813 0.530492 0.65625 0.52772 0.654687 0.52772 0.651562 0.522176 0.648438 0.522176 0.646875 0.519404 0.645312 0.519404 0.64375 0.516632 0.642188 0.516632 0.640625 0.51386 0.640625 0.505544 0.878339 164
9 0.634375 0.31705 0.634375 0.35863 0.642188 0.35863 0.642188 0.350314 0.646875 0.341998 0.651562 0.341998 0.651562 0.31705 0.551415 13
2 0.578125 0.47228 0.578125 0.502772 0.582812 0.502772 0.584375 0.505544 0.584375 0.51386 0.60625 0.51386 0.60625 0.505544 0.609375 0.5 0.610938 0.5 0.615625 0.491684 0.620312 0.491684 0.620312 0.47228 0.672054 1
9 0.953125 0.0287657 0.953125 0.186768 0.957812 0.186768 0.960938 0.192312 0.960938 0.195084 0.965625 0.2034 0.967187 0.2034 0.96875 0.206172 0.970313 0.206172 0.971875 0.208944 0.973437 0.208944 0.975 0.211715 0.979687 0.211715 0.98125 0.214487 0.990625 0.214487 0.992188 0.211715 0.995312 0.211715 0.996875 0.208944 0.998437 0.208944 0.998437 0.0287657 0.296228 19
2 0.534375 0.461192 0.534375 0.51386 0.545312 0.51386 0.545312 0.505544 0.546875 0.502772 0.548437 0.502772 0.55 0.5 0.559375 0.5 0.564062 0.491684 0.564062 0.477824 0.5625 0.475052 0.5625 0.461192 0.393683 3
2 0.490625 0.450105 0.490625 0.502772 0.520312 0.502772 0.520312 0.469508 0.515625 0.469508 0.5125 0.463964 0.5125 0.450105 0.663173 265
2 0.396875 0.461192 0.396875 0.524948 0.434375 0.524948 0.434375 0.51386 0.435937 0.511088 0.435937 0.508316 0.439062 0.502772 0.439062 0.494456 0.4375 0.491684 0.4375 0.48614 0.435937 0.483368 0.435937 0.480596 0.434375 0.477824 0.434375 0.475052 0.432812 0.47228 0.432812 0.461192 0.639443 12
5 0.303125 0.405753 0.303125 0.414069 0.301562 0.416841 0.3 0.416841 0.298438 0.419613 0.29375 0.419613 0.292187 0.422385 0.284375 0.422385 0.284375 0.519404 0.290625 0.519404 0.292187 0.522176 0.295312 0.522176 0.298438 0.52772 0.298438 0.536036 0.340625 0.536036 0.340625 0.52772 0.342187 0.524948 0.346875 0.524948 0.348438 0.522176 0.351562 0.522176 0.353125 0.519404 0.354687 0.519404 0.35625 0.516632 0.359375 0.516632 0.360937 0.51386 0.364063 0.51386 0.365625 0.511088 0.36875 0.511088 0.370312 0.508316 0.376562 0.508316 0.378125 0.505544 0.379688 0.505544 0.384375 0.497228 0.389062 0.497228 0.389062 0.433473 0.384375 0.433473 0.382812 0.430701 0.382812 0.425157 0.38125 0.422385 0.38125 0.416841 0.379688 0.414069 0.379688 0.405753 0.918795 288
2 0.434375 0.450105 0.434375 0.491684 0.454687 0.491684 0.454687 0.450105 0.610692 42
0 0.498437 0.560983 0.498437 0.577615 0.5 0.580387 0.5 0.588703 0.501562 0.591475 0.501562 0.599791 0.5 0.602563 0.5 0.608107 0.498437 0.610879 0.498437 0.616423 0.495312 0.621967 0.490625 0.621967 0.490625 0.718985 0.495312 0.718985 0.496875 0.721757 0.496875 0.724529 0.498437 0.727301 0.498437 0.757793 0.5 0.760565 0.5 0.771653 0.501562 0.774425 0.501562 0.779969 0.503125 0.782741 0.503125 0.807688 0.5 0.813232 0.5 0.816004 0.496875 0.821548 0.490625 0.821548 0.490625 0.829864 0.498437 0.829864 0.5 0.832636 0.50625 0.832636 0.507812 0.835408 0.5125 0.835408 0.514062 0.83818 0.514062 0.846496 0.514062 0.83818 0.520312 0.827092 0.520312 0.813232 0.521875 0.81046 0.521875 0.791056 0.523438 0.788284 0.523438 0.724529 0.525 0.721757 0.525 0.713441 0.529687 0.705126 0.53125 0.705126 0.53125 0.702354 0.532812 0.699582 0.532812 0.69681 0.534375 0.694038 0.539062 0.694038 0.534375 0.694038 0.532812 0.691266 0.532812 0.688494 0.53125 0.685722 0.53125 0.680178 0.529687 0.677406 0.529687 0.652458 0.528125 0.649686 0.528125 0.646914 0.529687 0.644142 0.529687 0.613651 0.528125 0.610879 0.528125 0.608107 0.526563 0.605335 0.526563 0.602563 0.523438 0.597019 0.521875 0.597019 0.51875 0.591475 0.51875 0.588703 0.517187 0.585931 0.517187 0.572071 0.515625 0.569299 0.515625 0.560983 0.885616 140
0 0.728125 0.47228 0.728125 0.522176 0.734375 0.522176 0.734375 0.519404 0.735938 0.516632 0.735938 0.47228 0.435582 131
2 0.104688 0.538808 0.104688 0.547123 0.103125 0.549895 0.101562 0.549895 0.1 0.552667 0.0984375 0.552667 0.096875 0.555439 0.0953125 0.555439 0.0890625 0.566527 0.0875 0.566527 0.084375 0.572071 0.0828125 0.572071 0.08125 0.574843 0.078125 0.574843 0.0765625 0.577615 0.075 0.577615 0.0734375 0.580387 0.065625 0.580387 0.065625 0.64137 0.0703125 0.64137 0.071875 0.644142 0.075 0.644142 0.0765625 0.646914 0.0796875 0.646914 0.08125 0.649686 0.090625 0.649686 0.0984375 0.635826 0.096875 0.633054 0.096875 0.630282 0.0953125 0.62751 0.0984375 0.621967 0.101562 0.621967 0.103125 0.619195 0.109375 0.619195 0.1125 0.624739 0.1125 0.630282 0.114062 0.633054 0.114062 0.64137 0.1125 0.644142 0.1125 0.65523 0.115625 0.660774 0.135937 0.660774 0.1375 0.663546 0.153125 0.663546 0.154688 0.666318 0.171875 0.666318 0.173437 0.66909 0.178125 0.66909 0.18125 0.674634 0.182812 0.674634 0.184375 0.677406 0.185938 0.677406 0.189062 0.68295 0.189062 0.691266 0.203125 0.691266 0.203125 0.68295 0.20625 0.677406 0.207812 0.677406 0.209375 0.674634 0.210938 0.674634 0.2125 0.671862 0.214062 0.671862 0.215625 0.66909 0.21875 0.66909 0.220312 0.666318 0.226562 0.666318 0.228125 0.663546 0.234375 0.663546 0.235937 0.660774 0.240625 0.660774 0.242188 0.658002 0.246875 0.658002 0.248438 0.65523 0.25 0.65523 0.254687 0.646914 0.254687 0.644142 0.25625 0.64137 0.25625 0.638598 0.257812 0.635826 0.257812 0.619195 0.25625 0.616423 0.25625 0.610879 0.254687 0.608107 0.254687 0.605335 0.245312 0.588703 0.24375 0.588703 0.242188 0.585931 0.240625 0.585931 0.239062 0.583159 0.235937 0.583159 0.234375 0.580387 0.23125 0.580387 0.229687 0.577615 0.226562 0.577615 0.225 0.574843 0.220312 0.574843 0.21875 0.572071 0.215625 0.572071 0.214062 0.569299 0.209375 0.569299 0.207812 0.566527 0.204687 0.566527 0.203125 0.563755 0.201563 0.563755 0.2 0.560983 0.198437 0.560983 0.196875 0.558211 0.195312 0.558211 0.19375 0.555439 0.192187 0.555439 0.190625 0.552667 0.189062 0.552667 0.185938 0.547123 0.185938 0.538808 0.913497 133
9 0.328125 0.305962 0.328125 0.347542 0.334375 0.347542 0.3375 0.341998 0.3375 0.339226 0.339062 0.336454 0.339062 0.328138 0.340625 0.325366 0.345312 0.325366 0.345312 0.305962 0.367213 108
0 0.121875 0.694038 0.121875 0.710669 0.120313 0.713441 0.120313 0.721757 0.11875 0.724529 0.11875 0.752249 0.120313 0.755021 0.120313 0.763337 0.121875 0.766109 0.121875 0.774425 0.123437 0.777197 0.123437 0.793828 0.121875 0.7966 0.121875 0.799372 0.120313 0.802144 0.120313 0.804916 0.117188 0.81046 0.117188 0.813232 0.114062 0.818776 0.114062 0.821548 0.110937 0.827092 0.110937 0.829864 0.10625 0.83818 0.10625 0.840952 0.104688 0.843724 0.104688 0.846496 0.101562 0.85204 0.096875 0.85204 0.096875 1 0.182812 1 0.182812 0.99341 0.184375 0.990638 0.184375 0.987866 0.185938 0.985094 0.185938 0.982322 0.1875 0.97955 0.1875 0.974006 0.189062 0.971234 0.189062 0.960146 0.192187 0.954602 0.196875 0.954602 0.2125 0.982322 0.2125 0.985094 0.214062 0.987866 0.215625 0.987866 0.217188 0.990638 0.217188 1 0.23125 1 0.23125 0.97955 0.229687 0.976778 0.229687 0.974006 0.223437 0.962918 0.221875 0.962918 0.220312 0.960146 0.220312 0.957374 0.21875 0.954602 0.21875 0.951831 0.217188 0.949059 0.217188 0.946287 0.215625 0.943515 0.215625 0.940743 0.214062 0.937971 0.214062 0.935199 0.210938 0.929655 0.210938 0.926883 0.203125 0.913023 0.203125 0.910251 0.198437 0.901935 0.198437 0.899163 0.195312 0.893619 0.195312 0.890847 0.19375 0.888075 0.19375 0.885303 0.192187 0.882531 0.192187 0.879759 0.1875 0.871444 0.1875 0.868671 0.182812 0.860356 0.182812 0.857584 0.18125 0.854812 0.18125 0.846496 0.179688 0.843724 0.179688 0.835408 0.176562 0.829864 0.176562 0.827092 0.175 0.82432 0.175 0.821548 0.171875 0.816004 0.171875 0.813232 0.167187 0.804916 0.167187 0.802144 0.164062 0.7966 0.164062 0.793828 0.1625 0.791056 0.1625 0.782741 0.160937 0.779969 0.160937 0.749477 0.159375 0.746705 0.159375 0.727301 0.157812 0.724529 0.157812 0.716213 0.15625 0.713441 0.15625 0.710669 0.154688 0.707897 0.154688 0.694038 0.884215 151
0 0.996875 0.62751 0.996875 0.638598 0.995312 0.64137 0.995312 0.660774 0.99375 0.663546 0.99375 0.66909 0.992188 0.671862 0.992188 0.680178 0.990625 0.68295 0.990625 0.691266 0.989062 0.694038 0.989062 0.705126 0.9875 0.707897 0.9875 0.727301 0.985938 0.730073 0.985938 0.741161 0.984375 0.743933 0.984375 0.752249 0.982812 0.755021 0.982812 0.766109 0.98125 0.768881 0.98125 0.779969 0.979687 0.782741 0.979687 0.793828 0.978125 0.7966 0.978125 0.804916 0.976562 0.807688 0.976562 0.813232 0.975 0.816004 0.975 0.82432 0.973437 0.827092 0.973437 0.832636 0.971875 0.835408 0.971875 0.840952 0.970313 0.843724 0.970313 0.846496 0.967187 0.85204 0.967187 0.854812 0.960938 0.8659 0.960938 0.868671 0.95625 0.876987 0.95625 0.879759 0.951562 0.888075 0.946875 0.888075 0.946875 0.943515 0.954688 0.943515 0.95625 0.940743 0.957812 0.940743 0.959375 0.943515 0.9625 0.943515 0.965625 0.949059 0.965625 0.957374 0.979687 0.957374 0.979687 0.949059 0.98125 0.946287 0.982812 0.946287 0.984375 0.943515 0.9875 0.943515 0.989062 0.940743 0.998437 0.940743 0.998437 0.62751 0.340819 307
2 0.01875 0.505544 0.01875 0.51386 0.0140625 0.522176 0.009375 0.522176 0.009375 0.552667 0.034375 0.552667 0.0359375 0.555439 0.0421875 0.555439 0.04375 0.558211 0.046875 0.558211 0.0484375 0.555439 0.05 0.555439 0.0515625 0.552667 0.0625 0.552667 0.0640625 0.555439 0.065625 0.555439 0.0671875 0.552667 0.0765625 0.552667 0.0765625 0.524948 0.0703125 0.524948 0.06875 0.522176 0.0671875 0.522176 0.065625 0.519404 0.0640625 0.519404 0.0609375 0.51386 0.0609375 0.505544 0.728216 194
0 0.146875 0.47228 0.146875 0.547123 0.154688 0.547123 0.154688 0.536036 0.15625 0.533264 0.15625 0.51386 0.159375 0.508316 0.164062 0.508316 0.164062 0.494456 0.159375 0.494456 0.15625 0.488912 0.15625 0.47228 0.595179 195
0 0.846875 0.483368 0.846875 0.541579 0.851562 0.541579 0.853125 0.538808 0.854687 0.538808 0.85625 0.536036 0.85625 0.522176 0.859375 0.516632 0.864062 0.516632 0.864062 0.5 0.859375 0.5 0.857812 0.497228 0.857812 0.494456 0.85625 0.491684 0.85625 0.483368 0.526509 221
3 0.828125 0.494456 0.828125 0.547123 0.842187 0.547123 0.842187 0.51386 0.840625 0.511088 0.840625 0.494456 0.322251 299
0 0.0875 0.616423 0.0875 0.62751 0.0859375 0.630282 0.0859375 0.633054 0.084375 0.635826 0.078125 0.635826 0.078125 0.746705 0.0828125 0.746705 0.084375 0.749477 0.084375 0.752249 0.0859375 0.755021 0.0859375 0.777197 0.0875 0.779969 0.0875 0.788284 0.0890625 0.791056 0.0890625 0.7966 0.0921875 0.802144 0.0921875 0.807688 0.09375 0.81046 0.09375 0.821548 0.0953125 0.82432 0.0953125 0.829864 0.096875 0.832636 0.096875 0.83818 0.0984375 0.840952 0.0984375 0.843724 0.1 0.846496 0.1 0.85204 0.101562 0.854812 0.101562 0.857584 0.103125 0.854812 0.103125 0.85204 0.104688 0.849268 0.104688 0.846496 0.10625 0.843724 0.10625 0.840952 0.109375 0.835408 0.109375 0.832636 0.110937 0.829864 0.110937 0.827092 0.114062 0.821548 0.114062 0.818776 0.115625 0.816004 0.115625 0.813232 0.120313 0.804916 0.120313 0.802144 0.121875 0.799372 0.121875 0.7966 0.123437 0.793828 0.123437 0.774425 0.121875 0.771653 0.121875 0.763337 0.120313 0.760565 0.120313 0.749477 0.11875 0.746705 0.11875 0.716213 0.120313 0.713441 0.120313 0.702354 0.11875 0.699582 0.11875 0.688494 0.117188 0.685722 0.117188 0.68295 0.115625 0.680178 0.115625 0.674634 0.114062 0.671862 0.114062 0.649686 0.115625 0.646914 0.115625 0.635826 0.114062 0.633054 0.114062 0.616423 0.75487 4
9 0.003125 0.217259 0.003125 0.30319 0.015625 0.30319 0.015625 0.289331 0.0171875 0.286559 0.0171875 0.264383 0.01875 0.261611 0.01875 0.217259 0.288763 15
2 0.946875 0.549895 0.946875 0.558211 0.94375 0.563755 0.94375 0.566527 0.935937 0.580387 0.935937 0.585931 0.932812 0.591475 0.928125 0.591475 0.928125 0.649686 0.934375 0.649686 0.939063 0.658002 0.939063 0.660774 0.94375 0.66909 0.94375 0.671862 0.946875 0.677406 0.948437 0.677406 0.95 0.680178 0.960938 0.680178 0.9625 0.68295 0.965625 0.68295 0.971875 0.694038 0.971875 0.702354 0.985938 0.702354 0.985938 0.694038 0.9875 0.691266 0.9875 0.688494 0.989062 0.685722 0.989062 0.68295 0.990625 0.680178 0.990625 0.677406 0.992188 0.674634 0.992188 0.671862 0.99375 0.66909 0.99375 0.660774 0.995312 0.658002 0.995312 0.65523 0.996875 0.652458 0.998437 0.652458 0.998437 0.549895 0.839738 136
2 0.539062 0.505544 0.539062 0.51386 0.53125 0.52772 0.53125 0.530492 0.526563 0.538808 0.521875 0.538808 0.521875 0.605335 0.528125 0.605335 0.529687 0.608107 0.532812 0.608107 0.534375 0.610879 0.5375 0.610879 0.539062 0.613651 0.540625 0.613651 0.542188 0.616423 0.54375 0.616423 0.545312 0.619195 0.546875 0.619195 0.548437 0.621967 0.55 0.621967 0.553125 0.62751 0.554688 0.62751 0.55625 0.630282 0.557813 0.630282 0.559375 0.633054 0.564062 0.633054 0.565625 0.635826 0.567187 0.633054 0.571875 0.633054 0.573438 0.630282 0.575 0.630282 0.576562 0.62751 0.579687 0.62751 0.58125 0.624739 0.582812 0.624739 0.584375 0.621967 0.59375 0.621967 0.595312 0.619195 0.615625 0.619195 0.617188 0.621967 0.65625 0.621967 0.657813 0.624739 0.665625 0.624739 0.667187 0.62751 0.671875 0.62751 0.673438 0.630282 0.675 0.630282 0.676562 0.633054 0.679688 0.633054 0.68125 0.635826 0.682812 0.635826 0.684375 0.638598 0.684375 0.646914 0.6875 0.646914 0.6875 0.638598 0.689063 0.635826 0.690625 0.635826 0.692187 0.633054 0.69375 0.633054 0.695312 0.630282 0.696875 0.630282 0.698437 0.62751 0.7 0.62751 0.701562 0.624739 0.703125 0.624739 0.704688 0.621967 0.707812 0.621967 0.709375 0.619195 0.710938 0.619195 0.7125 0.616423 0.714062 0.616423 0.714062 0.613651 0.717187 0.608107 0.717187 0.583159 0.715625 0.580387 0.715625 0.577615 0.707812 0.563755 0.70625 0.563755 0.704688 0.560983 0.703125 0.560983 0.701562 0.558211 0.7 0.558211 0.698437 0.555439 0.696875 0.555439 0.695312 0.552667 0.69375 0.552667 0.692187 0.549895 0.689063 0.549895 0.6875 0.547123 0.685937 0.547123 0.684375 0.544352 0.682812 0.544352 0.68125 0.541579 0.679688 0.541579 0.678125 0.538808 0.670312 0.538808 0.66875 0.536036 0.665625 0.536036 0.664062 0.533264 0.6625 0.533264 0.660937 0.530492 0.657813 0.530492 0.65625 0.52772 0.654687 0.52772 0.651562 0.522176 0.648438 0.522176 0.646875 0.519404 0.645312 0.519404 0.64375 0.516632 0.642188 0.516632 0.640625 0.51386 0.640625 0.505544 0.878339 165
9 0.634375 0.31705 0.634375 0.35863 0.642188 0.35863 0.642188 0.350314 0.646875 0.341998 0.651562 0.341998 0.651562 0.31705 0.551415 13
2 0.578125 0.47228 0.578125 0.502772 0.582812 0.502772 0.584375 0.505544 0.584375 0.51386 0.60625 0.51386 0.60625 0.505544 0.609375 0.5 0.610938 0.5 0.615625 0.491684 0.620312 0.491684 0.620312 0.47228 0.672054 1
9 0.953125 0.0287657 0.953125 0.186768 0.957812 0.186768 0.960938 0.192312 0.960938 0.195084 0.965625 0.2034 0.967187 0.2034 0.96875 0.206172 0.970313 0.206172 0.971875 0.208944 0.973437 0.208944 0.975 0.211715 0.979687 0.211715 0.98125 0.214487 0.990625 0.214487 0.992188 0.211715 0.995312 0.211715 0.996875 0.208944 0.998437 0.208944 0.998437 0.0287657 0.296228 19
2 0.534375 0.461192 0.534375 0.51386 0.545312 0.51386 0.545312 0.505544 0.546875 0.502772 0.548437 0.502772 0.55 0.5 0.559375 0.5 0.564062 0.491684 0.564062 0.477824 0.5625 0.475052 0.5625 0.461192 0.393683 3
2 0.490625 0.450105 0.490625 0.502772 0.520312 0.502772 0.520312 0.469508 0.515625 0.469508 0.5125 0.463964 0.5125 0.450105 0.663173 270
2 0.396875 0.461192 0.396875 0.524948 0.434375 0.524948 0.434375 0.51386 0.435937 0.511088 0.435937 0.508316 0.439062 0.502772 0.439062 0.494456 0.4375 0.491684 0.4375 0.48614 0.435937 0.483368 0.435937 0.480596 0.434375 0.477824 0.434375 0.475052 0.432812 0.47228 0.432812 0.461192 0.639443 12
5 0.303125 0.405753 0.303125 0.414069 0.301562 0.416841 0.3 0.416841 0.298438 0.419613 0.29375 0.419613 0.292187 0.422385 0.284375 0.422385 0.284375 0.519404 0.290625 0.519404 0.292187 0.522176 0.295312 0.522176 0.298438 0.52772 0.298438 0.536036 0.340625 0.536036 0.340625 0.52772 0.342187 0.524948 0.346875 0.524948 0.348438 0.522176 0.351562 0.522176 0.353125 0.519404 0.354687 0.519404 0.35625 0.516632 0.359375 0.516632 0.360937 0.51386 0.364063 0.51386 0.365625 0.511088 0.36875 0.511088 0.370312 0.508316 0.376562 0.508316 0.378125 0.505544 0.379688 0.505544 0.384375 0.497228 0.389062 0.497228 0.389062 0.433473 0.384375 0.433473 0.382812 0.430701 0.382812 0.425157 0.38125 0.422385 0.38125 0.416841 0.379688 0.414069 0.379688 0.405753 0.918795 296
2 0.434375 0.450105 0.434375 0.491684 0.454687 0.491684 0.454687 0.450105 0.610692 50
0 0.498437 0.560983 0.498437 0.577615 0.5 0.580387 0.5 0.588703 0.501562 0.591475 0.501562 0.599791 0.5 0.602563 0.5 0.608107 0.498437 0.610879 0.498437 0.616423 0.495312 0.621967 0.490625 0.621967 0.490625 0.718985 0.495312 0.718985 0.496875 0.721757 0.496875 0.724529 0.498437 0.727301 0.498437 0.757793 0.5 0.760565 0.5 0.771653 0.501562 0.774425 0.501562 0.779969 0.503125 0.782741 0.503125 0.807688 0.5 0.813232 0.5 0.816004 0.496875 0.821548 0.490625 0.821548 0.490625 0.829864 0.498437 0.829864 0.5 0.832636 0.50625 0.832636 0.507812 0.835408 0.5125 0.835408 0.514062 0.83818 0.514062 0.846496 0.514062 0.83818 0.520312 0.827092 0.520312 0.813232 0.521875 0.81046 0.521875 0.791056 0.523438 0.788284 0.523438 0.724529 0.525 0.721757 0.525 0.713441 0.529687 0.705126 0.53125 0.705126 0.53125 0.702354 0.532812 0.699582 0.532812 0.69681 0.534375 0.694038 0.539062 0.694038 0.534375 0.694038 0.532812 0.691266 0.532812 0.688494 0.53125 0.685722 0.53125 0.680178 0.529687 0.677406 0.529687 0.652458 0.528125 0.649686 0.528125 0.646914 0.529687 0.644142 0.529687 0.613651 0.528125 0.610879 0.528125 0.608107 0.526563 0.605335 0.526563 0.602563 0.523438 0.597019 0.521875 0.597019 0.51875 0.591475 0.51875 0.588703 0.517187 0.585931 0.517187 0.572071 0.515625 0.569299 0.515625 0.560983 0.885616 143
0 0.728125 0.47228 0.728125 0.522176 0.734375 0.522176 0.734375 0.519404 0.735938 0.516632 0.735938 0.47228 0.435582 140
2 0.104688 0.538808 0.104688 0.547123 0.103125 0.549895 0.101562 0.549895 0.1 0.552667 0.0984375 0.552667 0.096875 0.555439 0.0953125 0.555439 0.0890625 0.566527 0.0875 0.566527 0.084375 0.572071 0.0828125 0.572071 0.08125 0.574843 0.078125 0.574843 0.0765625 0.577615 0.075 0.577615 0.0734375 0.580387 0.065625 0.580387 0.065625 0.64137 0.0703125 0.64137 0.071875 0.644142 0.075 0.644142 0.0765625 0.646914 0.0796875 0.646914 0.08125 0.649686 0.090625 0.649686 0.0984375 0.635826 0.096875 0.633054 0.096875 0.630282 0.0953125 0.62751 0.0984375 0.621967 0.101562 0.621967 0.103125 0.619195 0.109375 0.619195 0.1125 0.624739 0.1125 0.630282 0.114062 0.633054 0.114062 0.64137 0.1125 0.644142 0.1125 0.65523 0.115625 0.660774 0.135937 0.660774 0.1375 0.663546 0.153125 0.663546 0.154688 0.666318 0.171875 0.666318 0.173437 0.66909 0.178125 0.66909 0.18125 0.674634 0.182812 0.674634 0.184375 0.677406 0.185938 0.677406 0.189062 0.68295 0.189062 0.691266 0.203125 0.691266 0.203125 0.68295 0.20625 0.677406 0.207812 0.677406 0.209375 0.674634 0.210938 0.674634 0.2125 0.671862 0.214062 0.671862 0.215625 0.66909 0.21875 0.66909 0.220312 0.666318 0.226562 0.666318 0.228125 0.663546 0.234375 0.663546 0.235937 0.660774 0.240625 0.660774 0.242188 0.658002 0.246875 0.658002 0.248438 0.65523 0.25 0.65523 0.254687 0.646914 0.254687 0.644142 0.25625 0.64137 0.25625 0.638598 0.257812 0.635826 0.257812 0.619195 0.25625 0.616423 0.25625 0.610879 0.254687 0.608107 0.254687 0.605335 0.245312 0.588703 0.24375 0.588703 0.242188 0.585931 0.240625 0.585931 0.239062 0.583159 0.235937 0.583159 0.234375 0.580387 0.23125 0.580387 0.229687 0.577615 0.226562 0.577615 0.225 0.574843 0.220312 0.574843 0.21875 0.572071 0.215625 0.572071 0.214062 0.569299 0.209375 0.569299 0.207812 0.566527 0.204687 0.566527 0.203125 0.563755 0.201563 0.563755 0.2 0.560983 0.198437 0.560983 0.196875 0.558211 0.195312 0.558211 0.19375 0.555439 0.192187 0.555439 0.190625 0.552667 0.189062 0.552667 0.185938 0.547123 0.185938 0.538808 0.913497 146
9 0.328125 0.305962 0.328125 0.347542 0.334375 0.347542 0.3375 0.341998 0.3375 0.339226 0.339062 0.336454 0.339062 0.328138 0.340625 0.325366 0.345312 0.325366 0.345312 0.305962 0.367213 104
0 0.121875 0.694038 0.121875 0.710669 0.120313 0.713441 0.120313 0.721757 0.11875 0.724529 0.11875 0.752249 0.120313 0.755021 0.120313 0.763337 0.121875 0.766109 0.121875 0.774425 0.123437 0.777197 0.123437 0.793828 0.121875 0.7966 0.121875 0.799372 0.120313 0.802144 0.120313 0.804916 0.117188 0.81046 0.117188 0.813232 0.114062 0.818776 0.114062 0.821548 0.110937 0.827092 0.110937 0.829864 0.10625 0.83818 0.10625 0.840952 0.104688 0.843724 0.104688 0.846496 0.101562 0.85204 0.096875 0.85204 0.096875 1 0.182812 1 0.182812 0.99341 0.184375 0.990638 0.184375 0.987866 0.185938 0.985094 0.185938 0.982322 0.1875 0.97955 0.1875 0.974006 0.189062 0.971234 0.189062 0.960146 0.192187 0.954602 0.196875 0.954602 0.2125 0.982322 0.2125 0.985094 0.214062 0.987866 0.215625 0.987866 0.217188 0.990638 0.217188 1 0.23125 1 0.23125 0.97955 0.229687 0.976778 0.229687 0.974006 0.223437 0.962918 0.221875 0.962918 0.220312 0.960146 0.220312 0.957374 0.21875 0.954602 0.21875 0.951831 0.217188 0.949059 0.217188 0.946287 0.215625 0.943515 0.215625 0.940743 0.214062 0.937971 0.214062 0.935199 0.210938 0.929655 0.210938 0.926883 0.203125 0.913023 0.203125 0.910251 0.198437 0.901935 0.198437 0.899163 0.195312 0.893619 0.195312 0.890847 0.19375 0.888075 0.19375 0.885303 0.192187 0.882531 0.192187 0.879759 0.1875 0.871444 0.1875 0.868671 0.182812 0.860356 0.182812 0.857584 0.18125 0.854812 0.18125 0.846496 0.179688 0.843724 0.179688 0.835408 0.176562 0.829864 0.176562 0.827092 0.175 0.82432 0.175 0.821548 0.171875 0.816004 0.171875 0.813232 0.167187 0.804916 0.167187 0.802144 0.164062 0.7966 0.164062 0.793828 0.1625 0.791056 0.1625 0.782741 0.160937 0.779969 0.160937 0.749477 0.159375 0.746705 0.159375 0.727301 0.157812 0.724529 0.157812 0.716213 0.15625 0.713441 0.15625 0.710669 0.154688 0.707897 0.154688 0.694038 0.884215 161
0 0.996875 0.62751 0.996875 0.638598 0.995312 0.64137 0.995312 0.660774 0.99375 0.663546 0.99375 0.66909 0.992188 0.671862 0.992188 0.680178 0.990625 0.68295 0.990625 0.691266 0.989062 0.694038 0.989062 0.705126 0.9875 0.707897 0.9875 0.727301 0.985938 0.730073 0.985938 0.741161 0.984375 0.743933 0.984375 0.752249 0.982812 0.755021 0.982812 0.766109 0.98125 0.768881 0.98125 0.779969 0.979687 0.782741 0.979687 0.793828 0.978125 0.7966 0.978125 0.804916 0.976562 0.807688 0.976562 0.813232 0.975 0.816004 0.975 0.82432 0.973437 0.827092 0.973437 0.832636 0.971875 0.835408 0.971875 0.840952 0.970313 0.843724 0.970313 0.846496 0.967187 0.85204 0.967187 0.854812 0.960938 0.8659 0.960938 0.868671 0.95625 0.876987 0.95625 0.879759 0.951562 0.888075 0.946875 0.888075 0.946875 0.943515 0.954688 0.943515 0.95625 0.940743 0.957812 0.940743 0.959375 0.943515 0.9625 0.943515 0.965625 0.949059 0.965625 0.957374 0.979687 0.957374 0.979687 0.949059 0.98125 0.946287 0.982812 0.946287 0.984375 0.943515 0.9875 0.943515 0.989062 0.940743 0.998437 0.940743 0.998437 0.62751 0.340819 311
2 0.01875 0.505544 0.01875 0.51386 0.0140625 0.522176 0.009375 0.522176 0.009375 0.552667 0.034375 0.552667 0.0359375 0.555439 0.0421875 0.555439 0.04375 0.558211 0.046875 0.558211 0.0484375 0.555439 0.05 0.555439 0.0515625 0.552667 0.0625 0.552667 0.0640625 0.555439 0.065625 0.555439 0.0671875 0.552667 0.0765625 0.552667 0.0765625 0.524948 0.0703125 0.524948 0.06875 0.522176 0.0671875 0.522176 0.065625 0.519404 0.0640625 0.519404 0.0609375 0.51386 0.0609375 0.505544 0.728216 208
0 0.146875 0.47228 0.146875 0.547123 0.154688 0.547123 0.154688 0.536036 0.15625 0.533264 0.15625 0.51386 0.159375 0.508316 0.164062 0.508316 0.164062 0.494456 0.159375 0.494456 0.15625 0.488912 0.15625 0.47228 0.595179 209
0 0.846875 0.483368 0.846875 0.541579 0.851562 0.541579 0.853125 0.538808 0.854687 0.538808 0.85625 0.536036 0.85625 0.522176 0.859375 0.516632 0.864062 0.516632 0.864062 0.5 0.859375 0.5 0.857812 0.497228 0.857812 0.494456 0.85625 0.491684 0.85625 0.483368 0.526509 224
3 0.828125 0.494456 0.828125 0.547123 0.842187 0.547123 0.842187 0.51386 0.840625 0.511088 0.840625 0.494456 0.322251 304
0 0.0875 0.616423 0.0875 0.62751 0.0859375 0.630282 0.0859375 0.633054 0.084375 0.635826 0.078125 0.635826 0.078125 0.746705 0.0828125 0.746705 0.084375 0.749477 0.084375 0.752249 0.0859375 0.755021 0.0859375 0.777197 0.0875 0.779969 0.0875 0.788284 0.0890625 0.791056 0.0890625 0.7966 0.0921875 0.802144 0.0921875 0.807688 0.09375 0.81046 0.09375 0.821548 0.0953125 0.82432 0.0953125 0.829864 0.096875 0.832636 0.096875 0.83818 0.0984375 0.840952 0.0984375 0.843724 0.1 0.846496 0.1 0.85204 0.101562 0.854812 0.101562 0.857584 0.103125 0.854812 0.103125 0.85204 0.104688 0.849268 0.104688 0.846496 0.10625 0.843724 0.10625 0.840952 0.109375 0.835408 0.109375 0.832636 0.110937 0.829864 0.110937 0.827092 0.114062 0.821548 0.114062 0.818776 0.115625 0.816004 0.115625 0.813232 0.120313 0.804916 0.120313 0.802144 0.121875 0.799372 0.121875 0.7966 0.123437 0.793828 0.123437 0.774425 0.121875 0.771653 0.121875 0.763337 0.120313 0.760565 0.120313 0.749477 0.11875 0.746705 0.11875 0.716213 0.120313 0.713441 0.120313 0.702354 0.11875 0.699582 0.11875 0.688494 0.117188 0.685722 0.117188 0.68295 0.115625 0.680178 0.115625 0.674634 0.114062 0.671862 0.114062 0.649686 0.115625 0.646914 0.115625 0.635826 0.114062 0.633054 0.114062 0.616423 0.75487 4
