2 0.970313 0.549895 0.970313 0.560983 0.96875 0.563755 0.967187 0.563755 0.9625 0.572071 0.9625 0.574843 0.957812 0.583159 0.953125 0.583159 0.953125 0.646914 0.957812 0.646914 0.9625 0.65523 0.9625 0.658002 0.964062 0.660774 0.964062 0.663546 0.965625 0.666318 0.965625 0.66909 0.970313 0.677406 0.985938 0.677406 0.9875 0.674634 0.989062 0.674634 0.996875 0.660774 0.998437 0.660774 0.998437 0.549895 0.761208 134
2 0.58125 0.505544 0.58125 0.51386 0.579687 0.516632 0.578125 0.516632 0.570312 0.530492 0.565625 0.530492 0.565625 0.608107 0.571875 0.608107 0.573438 0.610879 0.576562 0.610879 0.578125 0.613651 0.579687 0.613651 0.58125 0.616423 0.582812 0.616423 0.584375 0.619195 0.585938 0.619195 0.5875 0.621967 0.589063 0.621967 0.590625 0.624739 0.592187 0.624739 0.59375 0.62751 0.595312 0.62751 0.596875 0.630282 0.598437 0.630282 0.6 0.633054 0.603125 0.633054 0.604687 0.635826 0.610938 0.635826 0.6125 0.633054 0.615625 0.633054 0.617188 0.630282 0.620312 0.630282 0.621875 0.62751 0.625 0.62751 0.626563 0.624739 0.63125 0.624739 0.632812 0.621967 0.665625 0.621967 0.667187 0.624739 0.695312 0.624739 0.696875 0.62751 0.704688 0.62751 0.70625 0.630282 0.714062 0.630282 0.715625 0.633054 0.71875 0.633054 0.720313 0.635826 0.726562 0.635826 0.728125 0.633054 0.729687 0.633054 0.73125 0.630282 0.732812 0.630282 0.734375 0.62751 0.735938 0.62751 0.7375 0.624739 0.739062 0.624739 0.740625 0.621967 0.74375 0.621967 0.745312 0.619195 0.746875 0.619195 0.753125 0.608107 0.757812 0.608107 0.757812 0.588703 0.753125 0.588703 0.75 0.583159 0.75 0.580387 0.748437 0.577615 0.748437 0.574843 0.746875 0.572071 0.746875 0.569299 0.745312 0.569299 0.742188 0.563755 0.739062 0.563755 0.7375 0.560983 0.734375 0.560983 0.732812 0.558211 0.728125 0.558211 0.726562 0.555439 0.723437 0.555439 0.721875 0.552667 0.715625 0.552667 0.714062 0.549895 0.7125 0.549895 0.710938 0.547123 0.707812 0.547123 0.70625 0.544352 0.704688 0.544352 0.703125 0.541579 0.701562 0.541579 0.7 0.538808 0.696875 0.538808 0.695312 0.536036 0.69375 0.536036 0.692187 0.533264 0.690625 0.533264 0.6875 0.52772 0.685937 0.52772 0.684375 0.524948 0.682812 0.524948 0.68125 0.522176 0.679688 0.522176 0.678125 0.519404 0.676562 0.519404 0.673438 0.51386 0.673438 0.505544 0.899877 164
9 0.634375 0.31705 0.634375 0.347542 0.651562 0.347542 0.651562 0.31705 0.547784 13
2 0.578125 0.47228 0.578125 0.51386 0.609375 0.51386 0.609375 0.505544 0.614062 0.497228 0.620312 0.497228 0.620312 0.483368 0.615625 0.483368 0.614062 0.480596 0.614062 0.47228 0.694014 1
2 0.534375 0.47228 0.534375 0.51386 0.570312 0.51386 0.570312 0.488912 0.565625 0.488912 0.5625 0.483368 0.5625 0.47228 0.669389 3
2 0.490625 0.450105 0.490625 0.502772 0.520312 0.502772 0.520312 0.469508 0.515625 0.469508 0.5125 0.463964 0.5125 0.450105 0.666572 265
2 0.396875 0.461192 0.396875 0.516632 0.425 0.516632 0.426563 0.519404 0.428125 0.516632 0.432812 0.516632 0.435937 0.511088 0.435937 0.508316 0.4375 0.505544 0.4375 0.491684 0.435937 0.488912 0.435937 0.483368 0.434375 0.480596 0.434375 0.477824 0.432812 0.475052 0.432812 0.47228 0.43125 0.469508 0.43125 0.461192 0.5904 12
5 0.3 0.405753 0.3 0.414069 0.298438 0.416841 0.296875 0.416841 0.295312 0.419613 0.284375 0.419613 0.284375 0.524948 0.290625 0.524948 0.292187 0.52772 0.292187 0.536036 0.342187 0.536036 0.342187 0.52772 0.34375 0.524948 0.346875 0.524948 0.348438 0.522176 0.351562 0.522176 0.353125 0.519404 0.354687 0.519404 0.35625 0.516632 0.359375 0.516632 0.360937 0.51386 0.364063 0.51386 0.365625 0.511088 0.370312 0.511088 0.371875 0.508316 0.376562 0.508316 0.378125 0.505544 0.379688 0.505544 0.38125 0.502772 0.38125 0.5 0.384375 0.494456 0.389062 0.494456 0.389062 0.441789 0.384375 0.441789 0.382812 0.439017 0.382812 0.433473 0.38125 0.430701 0.38125 0.422385 0.379688 0.419613 0.379688 0.405753 0.915455 288
2 0.428125 0.450105 0.428125 0.469508 0.434375 0.469508 0.4375 0.475052 0.4375 0.477824 0.439062 0.480596 0.439062 0.491684 0.457813 0.491684 0.457813 0.450105 0.603995 42
0 0.498437 0.560983 0.498437 0.583159 0.5 0.585931 0.5 0.602563 0.498437 0.605335 0.498437 0.608107 0.495312 0.613651 0.490625 0.613651 0.490625 0.774425 0.495312 0.774425 0.496875 0.777197 0.496875 0.779969 0.498437 0.782741 0.498437 0.7966 0.5 0.799372 0.5 0.813232 0.498437 0.816004 0.498437 0.818776 0.496875 0.821548 0.490625 0.821548 0.490625 0.829864 0.5 0.829864 0.501562 0.832636 0.515625 0.832636 0.51875 0.827092 0.51875 0.82432 0.520312 0.821548 0.520312 0.807688 0.521875 0.804916 0.521875 0.788284 0.523438 0.785513 0.523438 0.716213 0.525 0.713441 0.525 0.710669 0.528125 0.705126 0.528125 0.702354 0.529687 0.699582 0.529687 0.69681 0.53125 0.694038 0.53125 0.691266 0.529687 0.688494 0.529687 0.674634 0.528125 0.671862 0.528125 0.65523 0.526563 0.652458 0.526563 0.646914 0.528125 0.644142 0.528125 0.613651 0.526563 0.610879 0.526563 0.608107 0.525 0.605335 0.525 0.602563 0.523438 0.599791 0.521875 0.599791 0.51875 0.594247 0.51875 0.591475 0.517187 0.588703 0.517187 0.574843 0.515625 0.572071 0.515625 0.560983 0.869834 140
0 0.728125 0.461192 0.728125 0.536036 0.734375 0.536036 0.734375 0.522176 0.735938 0.519404 0.735938 0.511088 0.7375 0.508316 0.7375 0.461192 0.466494 131
2 0.14375 0.538808 0.14375 0.547123 0.140625 0.552667 0.139062 0.552667 0.1375 0.555439 0.135937 0.555439 0.134375 0.558211 0.132812 0.558211 0.129688 0.563755 0.128125 0.563755 0.126562 0.566527 0.125 0.566527 0.121875 0.572071 0.120313 0.572071 0.11875 0.574843 0.115625 0.574843 0.114062 0.577615 0.1125 0.577615 0.110937 0.580387 0.109375 0.580387 0.107812 0.583159 0.10625 0.583159 0.104688 0.585931 0.104688 0.588703 0.101562 0.594247 0.096875 0.594247 0.096875 0.624739 0.101562 0.624739 0.101562 0.621967 0.10625 0.613651 0.109375 0.613651 0.110937 0.616423 0.110937 0.619195 0.114062 0.624739 0.114062 0.62751 0.115625 0.630282 0.115625 0.64137 0.117188 0.644142 0.117188 0.649686 0.11875 0.652458 0.11875 0.65523 0.128125 0.671862 0.14375 0.671862 0.145313 0.66909 0.146875 0.66909 0.148438 0.666318 0.192187 0.666318 0.19375 0.66909 0.215625 0.66909 0.217188 0.671862 0.225 0.671862 0.226562 0.674634 0.229687 0.674634 0.23125 0.677406 0.234375 0.677406 0.2375 0.68295 0.2375 0.691266 0.25625 0.691266 0.25625 0.68295 0.257812 0.680178 0.259375 0.680178 0.260937 0.677406 0.2625 0.677406 0.264062 0.674634 0.265625 0.674634 0.267188 0.671862 0.271875 0.671862 0.273438 0.66909 0.278125 0.66909 0.279687 0.666318 0.285937 0.666318 0.2875 0.663546 0.29375 0.663546 0.295312 0.660774 0.296875 0.660774 0.298438 0.658002 0.3 0.658002 0.301562 0.65523 0.303125 0.65523 0.309375 0.644142 0.314062 0.644142 0.314062 0.619195 0.309375 0.619195 0.30625 0.613651 0.30625 0.610879 0.295312 0.591475 0.29375 0.591475 0.290625 0.585931 0.2875 0.585931 0.285937 0.583159 0.282813 0.583159 0.28125 0.580387 0.278125 0.580387 0.276562 0.577615 0.271875 0.577615 0.270312 0.574843 0.2625 0.574843 0.260937 0.572071 0.257812 0.572071 0.25625 0.569299 0.253125 0.569299 0.25 0.563755 0.248438 0.563755 0.246875 0.560983 0.245312 0.560983 0.24375 0.558211 0.242188 0.558211 0.240625 0.555439 0.239062 0.555439 0.2375 0.552667 0.235937 0.552667 0.234375 0.549895 0.232813 0.549895 0.23125 0.547123 0.23125 0.538808 0.930071 133
9 0.328125 0.305962 0.328125 0.35863 0.332813 0.35863 0.332813 0.350314 0.3375 0.341998 0.3375 0.339226 0.339062 0.336454 0.339062 0.33091 0.340625 0.328138 0.345312 0.328138 0.345312 0.305962 0.375772 108
0 0.167187 0.68295 0.167187 0.694038 0.1625 0.702354 0.1625 0.705126 0.160937 0.707897 0.160937 0.716213 0.159375 0.718985 0.159375 0.730073 0.160937 0.732845 0.160937 0.746705 0.1625 0.749477 0.1625 0.757793 0.164062 0.760565 0.164062 0.763337 0.167187 0.768881 0.167187 0.777197 0.16875 0.779969 0.16875 0.785513 0.167187 0.788284 0.167187 0.793828 0.164062 0.799372 0.164062 0.802144 0.160937 0.807688 0.160937 0.81046 0.157812 0.816004 0.157812 0.818776 0.15625 0.821548 0.15625 0.82432 0.154688 0.827092 0.154688 0.829864 0.153125 0.832636 0.153125 0.835408 0.151562 0.83818 0.146875 0.83818 0.146875 0.982322 0.151562 0.982322 0.154688 0.987866 0.154688 0.990638 0.15625 0.99341 0.15625 1 0.251563 1 0.251563 0.985094 0.246875 0.985094 0.24375 0.97955 0.24375 0.976778 0.242188 0.974006 0.242188 0.968462 0.240625 0.96569 0.240625 0.960146 0.239062 0.957374 0.239062 0.954602 0.2375 0.951831 0.2375 0.943515 0.235937 0.940743 0.235937 0.932427 0.234375 0.929655 0.234375 0.921339 0.232813 0.918567 0.232813 0.913023 0.23125 0.910251 0.23125 0.904707 0.229687 0.901935 0.229687 0.890847 0.228125 0.888075 0.228125 0.885303 0.226562 0.882531 0.226562 0.879759 0.225 0.876987 0.225 0.868671 0.223437 0.8659 0.223437 0.857584 0.221875 0.854812 0.221875 0.846496 0.220312 0.843724 0.220312 0.835408 0.21875 0.832636 0.21875 0.827092 0.217188 0.82432 0.217188 0.816004 0.215625 0.813232 0.215625 0.81046 0.2125 0.804916 0.2125 0.802144 0.210938 0.799372 0.210938 0.735617 0.209375 0.732845 0.209375 0.716213 0.207812 0.713441 0.207812 0.705126 0.204687 0.699582 0.204687 0.69681 0.201563 0.691266 0.201563 0.68295 0.850925 151
2 0.01875 0.505544 0.01875 0.516632 0.0171875 0.519404 0.015625 0.519404 0.0140625 0.522176 0.009375 0.522176 0.009375 0.544352 0.0140625 0.544352 0.01875 0.552667 0.034375 0.552667 0.0359375 0.555439 0.0421875 0.555439 0.04375 0.558211 0.046875 0.558211 0.0484375 0.555439 0.0515625 0.555439 0.053125 0.552667 0.0609375 0.552667 0.0625 0.555439 0.06875 0.555439 0.0703125 0.552667 0.071875 0.552667 0.0734375 0.549895 0.075 0.549895 0.075 0.536036 0.0734375 0.533264 0.0734375 0.530492 0.06875 0.522176 0.0671875 0.522176 0.065625 0.519404 0.0640625 0.519404 0.0609375 0.51386 0.0609375 0.505544 0.739663 194
0 0.146875 0.47228 0.146875 0.547123 0.15625 0.547123 0.15625 0.538808 0.159375 0.533264 0.164062 0.533264 0.164062 0.47228 0.597782 195
0 0.0921875 0.605335 0.0921875 0.619195 0.090625 0.621967 0.090625 0.644142 0.0890625 0.646914 0.0890625 0.649686 0.0875 0.652458 0.0859375 0.652458 0.0828125 0.658002 0.078125 0.658002 0.078125 0.746705 0.0828125 0.746705 0.084375 0.749477 0.084375 0.752249 0.0859375 0.755021 0.0859375 0.774425 0.0875 0.777197 0.0875 0.785513 0.0890625 0.788284 0.0890625 0.793828 0.090625 0.7966 0.090625 0.799372 0.0921875 0.802144 0.0921875 0.807688 0.09375 0.81046 0.09375 0.821548 0.0953125 0.82432 0.0953125 0.832636 0.096875 0.835408 0.096875 0.843724 0.0984375 0.846496 0.0984375 0.8659 0.1 0.868671 0.1 0.879759 0.101562 0.882531 0.101562 0.890847 0.103125 0.893619 0.103125 0.901935 0.104688 0.904707 0.104688 0.910251 0.10625 0.913023 0.10625 0.918567 0.107812 0.921339 0.107812 0.924111 0.109375 0.926883 0.109375 0.932427 0.110937 0.935199 0.110937 0.940743 0.1125 0.943515 0.1125 0.946287 0.114062 0.949059 0.121875 0.949059 0.126562 0.957374 0.126562 0.968462 0.13125 0.968462 0.13125 0.960146 0.132812 0.957374 0.134375 0.957374 0.135937 0.954602 0.1375 0.954602 0.139062 0.951831 0.140625 0.951831 0.14375 0.946287 0.142187 0.943515 0.142187 0.940743 0.140625 0.937971 0.140625 0.935199 0.1375 0.929655 0.1375 0.926883 0.135937 0.924111 0.135937 0.913023 0.134375 0.910251 0.134375 0.907479 0.128125 0.896391 0.126562 0.896391 0.120313 0.885303 0.120313 0.882531 0.11875 0.879759 0.11875 0.849268 0.120313 0.846496 0.120313 0.840952 0.123437 0.835408 0.123437 0.832636 0.126562 0.827092 0.126562 0.82432 0.128125 0.821548 0.128125 0.818776 0.129688 0.816004 0.129688 0.813232 0.13125 0.81046 0.13125 0.807688 0.132812 0.804916 0.132812 0.793828 0.13125 0.791056 0.13125 0.782741 0.129688 0.779969 0.129688 0.774425 0.128125 0.771653 0.128125 0.766109 0.126562 0.763337 0.126562 0.757793 0.125 0.755021 0.125 0.743933 0.123437 0.741161 0.123437 0.721757 0.121875 0.718985 0.121875 0.707897 0.120313 0.705126 0.120313 0.699582 0.11875 0.69681 0.11875 0.691266 0.117188 0.688494 0.117188 0.68295 0.115625 0.680178 0.115625 0.677406 0.110937 0.66909 0.110937 0.658002 0.114062 0.652458 0.114062 0.649686 0.115625 0.646914 0.114062 0.644142 0.114062 0.630282 0.1125 0.62751 0.1125 0.624739 0.110937 0.621967 0.110937 0.619195 0.109375 0.616423 0.109375 0.605335 0.771326 4
2 0.003125 0.538808 0.003125 0.602563 0.009375 0.602563 0.009375 0.594247 0.0125 0.588703 0.0140625 0.588703 0.015625 0.585931 0.015625 0.583159 0.0171875 0.580387 0.0171875 0.574843 0.01875 0.572071 0.01875 0.560983 0.0171875 0.558211 0.0171875 0.552667 0.015625 0.549895 0.015625 0.538808 0.751636 234
2 0.970313 0.549895 0.970313 0.560983 0.96875 0.563755 0.967187 0.563755 0.9625 0.572071 0.9625 0.574843 0.957812 0.583159 0.953125 0.583159 0.953125 0.646914 0.957812 0.646914 0.9625 0.65523 0.9625 0.658002 0.964062 0.660774 0.964062 0.663546 0.965625 0.666318 0.965625 0.66909 0.970313 0.677406 0.985938 0.677406 0.9875 0.674634 0.989062 0.674634 0.996875 0.660774 0.998437 0.660774 0.998437 0.549895 0.761208 136
2 0.58125 0.505544 0.58125 0.51386 0.579687 0.516632 0.578125 0.516632 0.570312 0.530492 0.565625 0.530492 0.565625 0.608107 0.571875 0.608107 0.573438 0.610879 0.576562 0.610879 0.578125 0.613651 0.579687 0.613651 0.58125 0.616423 0.582812 0.616423 0.584375 0.619195 0.585938 0.619195 0.5875 0.621967 0.589063 0.621967 0.590625 0.624739 0.592187 0.624739 0.59375 0.62751 0.595312 0.62751 0.596875 0.630282 0.598437 0.630282 0.6 0.633054 0.603125 0.633054 0.604687 0.635826 0.610938 0.635826 0.6125 0.633054 0.615625 0.633054 0.617188 0.630282 0.620312 0.630282 0.621875 0.62751 0.625 0.62751 0.626563 0.624739 0.63125 0.624739 0.632812 0.621967 0.665625 0.621967 0.667187 0.624739 0.695312 0.624739 0.696875 0.62751 0.704688 0.62751 0.70625 0.630282 0.714062 0.630282 0.715625 0.633054 0.71875 0.633054 0.720313 0.635826 0.726562 0.635826 0.728125 0.633054 0.729687 0.633054 0.73125 0.630282 0.732812 0.630282 0.734375 0.62751 0.735938 0.62751 0.7375 0.624739 0.739062 0.624739 0.740625 0.621967 0.74375 0.621967 0.745312 0.619195 0.746875 0.619195 0.753125 0.608107 0.757812 0.608107 0.757812 0.588703 0.753125 0.588703 0.75 0.583159 0.75 0.580387 0.748437 0.577615 0.748437 0.574843 0.746875 0.572071 0.746875 0.569299 0.745312 0.569299 0.742188 0.563755 0.739062 0.563755 0.7375 0.560983 0.734375 0.560983 0.732812 0.558211 0.728125 0.558211 0.726562 0.555439 0.723437 0.555439 0.721875 0.552667 0.715625 0.552667 0.714062 0.549895 0.7125 0.549895 0.710938 0.547123 0.707812 0.547123 0.70625 0.544352 0.704688 0.544352 0.703125 0.541579 0.701562 0.541579 0.7 0.538808 0.696875 0.538808 0.695312 0.536036 0.69375 0.536036 0.692187 0.533264 0.690625 0.533264 0.6875 0.52772 0.685937 0.52772 0.684375 0.524948 0.682812 0.524948 0.68125 0.522176 0.679688 0.522176 0.678125 0.519404 0.676562 0.519404 0.673438 0.51386 0.673438 0.505544 0.899877 165
9 0.634375 0.31705 0.634375 0.347542 0.651562 0.347542 0.651562 0.31705 0.547784 13
2 0.578125 0.47228 0.578125 0.51386 0.609375 0.51386 0.609375 0.505544 0.614062 0.497228 0.620312 0.497228 0.620312 0.483368 0.615625 0.483368 0.614062 0.480596 0.614062 0.47228 0.694014 1
2 0.534375 0.47228 0.534375 0.51386 0.570312 0.51386 0.570312 0.488912 0.565625 0.488912 0.5625 0.483368 0.5625 0.47228 0.669389 3
2 0.490625 0.450105 0.490625 0.502772 0.520312 0.502772 0.520312 0.469508 0.515625 0.469508 0.5125 0.463964 0.5125 0.450105 0.666572 270
2 0.396875 0.461192 0.396875 0.516632 0.425 0.516632 0.426563 0.519404 0.428125 0.516632 0.432812 0.516632 0.435937 0.511088 0.435937 0.508316 0.4375 0.505544 0.4375 0.491684 0.435937 0.488912 0.435937 0.483368 0.434375 0.480596 0.434375 0.477824 0.432812 0.475052 0.432812 0.47228 0.43125 0.469508 0.43125 0.461192 0.5904 12
5 0.3 0.405753 0.3 0.414069 0.298438 0.416841 0.296875 0.416841 0.295312 0.419613 0.284375 0.419613 0.284375 0.524948 0.290625 0.524948 0.292187 0.52772 0.292187 0.536036 0.342187 0.536036 0.342187 0.52772 0.34375 0.524948 0.346875 0.524948 0.348438 0.522176 0.351562 0.522176 0.353125 0.519404 0.354687 0.519404 0.35625 0.516632 0.359375 0.516632 0.360937 0.51386 0.364063 0.51386 0.365625 0.511088 0.370312 0.511088 0.371875 0.508316 0.376562 0.508316 0.378125 0.505544 0.379688 0.505544 0.38125 0.502772 0.38125 0.5 0.384375 0.494456 0.389062 0.494456 0.389062 0.441789 0.384375 0.441789 0.382812 0.439017 0.382812 0.433473 0.38125 0.430701 0.38125 0.422385 0.379688 0.419613 0.379688 0.405753 0.915455 296
2 0.428125 0.450105 0.428125 0.469508 0.434375 0.469508 0.4375 0.475052 0.4375 0.477824 0.439062 0.480596 0.439062 0.491684 0.457813 0.491684 0.457813 0.450105 0.603995 50
0 0.498437 0.560983 0.498437 0.583159 0.5 0.585931 0.5 0.602563 0.498437 0.605335 0.498437 0.608107 0.495312 0.613651 0.490625 0.613651 0.490625 0.774425 0.495312 0.774425 0.496875 0.777197 0.496875 0.779969 0.498437 0.782741 0.498437 0.7966 0.5 0.799372 0.5 0.813232 0.498437 0.816004 0.498437 0.818776 0.496875 0.821548 0.490625 0.821548 0.490625 0.829864 0.5 0.829864 0.501562 0.832636 0.515625 0.832636 0.51875 0.827092 0.51875 0.82432 0.520312 0.821548 0.520312 0.807688 0.521875 0.804916 0.521875 0.788284 0.523438 0.785513 0.523438 0.716213 0.525 0.713441 0.525 0.710669 0.528125 0.705126 0.528125 0.702354 0.529687 0.699582 0.529687 0.69681 0.53125 0.694038 0.53125 0.691266 0.529687 0.688494 0.529687 0.674634 0.528125 0.671862 0.528125 0.65523 0.526563 0.652458 0.526563 0.646914 0.528125 0.644142 0.528125 0.613651 0.526563 0.610879 0.526563 0.608107 0.525 0.605335 0.525 0.602563 0.523438 0.599791 0.521875 0.599791 0.51875 0.594247 0.51875 0.591475 0.517187 0.588703 0.517187 0.574843 0.515625 0.572071 0.515625 0.560983 0.869834 143
0 0.728125 0.461192 0.728125 0.536036 0.734375 0.536036 0.734375 0.522176 0.735938 0.519404 0.735938 0.511088 0.7375 0.508316 0.7375 0.461192 0.466494 140
2 0.14375 0.538808 0.14375 0.547123 0.140625 0.552667 0.139062 0.552667 0.1375 0.555439 0.135937 0.555439 0.134375 0.558211 0.132812 0.558211 0.129688 0.563755 0.128125 0.563755 0.126562 0.566527 0.125 0.566527 0.121875 0.572071 0.120313 0.572071 0.11875 0.574843 0.115625 0.574843 0.114062 0.577615 0.1125 0.577615 0.110937 0.580387 0.109375 0.580387 0.107812 0.583159 0.10625 0.583159 0.104688 0.585931 0.104688 0.588703 0.101562 0.594247 0.096875 0.594247 0.096875 0.624739 0.101562 0.624739 0.101562 0.621967 0.10625 0.613651 0.109375 0.613651 0.110937 0.616423 0.110937 0.619195 0.114062 0.624739 0.114062 0.62751 0.115625 0.630282 0.115625 0.64137 0.117188 0.644142 0.117188 0.649686 0.11875 0.652458 0.11875 0.65523 0.128125 0.671862 0.14375 0.671862 0.145313 0.66909 0.146875 0.66909 0.148438 0.666318 0.192187 0.666318 0.19375 0.66909 0.215625 0.66909 0.217188 0.671862 0.225 0.671862 0.226562 0.674634 0.229687 0.674634 0.23125 0.677406 0.234375 0.677406 0.2375 0.68295 0.2375 0.691266 0.25625 0.691266 0.25625 0.68295 0.257812 0.680178 0.259375 0.680178 0.260937 0.677406 0.2625 0.677406 0.264062 0.674634 0.265625 0.674634 0.267188 0.671862 0.271875 0.671862 0.273438 0.66909 0.278125 0.66909 0.279687 0.666318 0.285937 0.666318 0.2875 0.663546 0.29375 0.663546 0.295312 0.660774 0.296875 0.660774 0.298438 0.658002 0.3 0.658002 0.301562 0.65523 0.303125 0.65523 0.309375 0.644142 0.314062 0.644142 0.314062 0.619195 0.309375 0.619195 0.30625 0.613651 0.30625 0.610879 0.295312 0.591475 0.29375 0.591475 0.290625 0.585931 0.2875 0.585931 0.285937 0.583159 0.282813 0.583159 0.28125 0.580387 0.278125 0.580387 0.276562 0.577615 0.271875 0.577615 0.270312 0.574843 0.2625 0.574843 0.260937 0.572071 0.257812 0.572071 0.25625 0.569299 0.253125 0.569299 0.25 0.563755 0.248438 0.563755 0.246875 0.560983 0.245312 0.560983 0.24375 0.558211 0.242188 0.558211 0.240625 0.555439 0.239062 0.555439 0.2375 0.552667 0.235937 0.552667 0.234375 0.549895 0.232813 0.549895 0.23125 0.547123 0.23125 0.538808 0.930071 146
9 0.328125 0.305962 0.328125 0.35863 0.332813 0.35863 0.332813 0.350314 0.3375 0.341998 0.3375 0.339226 0.339062 0.336454 0.339062 0.33091 0.340625 0.328138 0.345312 0.328138 0.345312 0.305962 0.375772 104
0 0.167187 0.68295 0.167187 0.694038 0.1625 0.702354 0.1625 0.705126 0.160937 0.707897 0.160937 0.716213 0.159375 0.718985 0.159375 0.730073 0.160937 0.732845 0.160937 0.746705 0.1625 0.749477 0.1625 0.757793 0.164062 0.760565 0.164062 0.763337 0.167187 0.768881 0.167187 0.777197 0.16875 0.779969 0.16875 0.785513 0.167187 0.788284 0.167187 0.793828 0.164062 0.799372 0.164062 0.802144 0.160937 0.807688 0.160937 0.81046 0.157812 0.816004 0.157812 0.818776 0.15625 0.821548 0.15625 0.82432 0.154688 0.827092 0.154688 0.829864 0.153125 0.832636 0.153125 0.835408 0.151562 0.83818 0.146875 0.83818 0.146875 0.982322 0.151562 0.982322 0.154688 0.987866 0.154688 0.990638 0.15625 0.99341 0.15625 1 0.251563 1 0.251563 0.985094 0.246875 0.985094 0.24375 0.97955 0.24375 0.976778 0.242188 0.974006 0.242188 0.968462 0.240625 0.96569 0.240625 0.960146 0.239062 0.957374 0.239062 0.954602 0.2375 0.951831 0.2375 0.943515 0.235937 0.940743 0.235937 0.932427 0.234375 0.929655 0.234375 0.921339 0.232813 0.918567 0.232813 0.913023 0.23125 0.910251 0.23125 0.904707 0.229687 0.901935 0.229687 0.890847 0.228125 0.888075 0.228125 0.885303 0.226562 0.882531 0.226562 0.879759 0.225 0.876987 0.225 0.868671 0.223437 0.8659 0.223437 0.857584 0.221875 0.854812 0.221875 0.846496 0.220312 0.843724 0.220312 0.835408 0.21875 0.832636 0.21875 0.827092 0.217188 0.82432 0.217188 0.816004 0.215625 0.813232 0.215625 0.81046 0.2125 0.804916 0.2125 0.802144 0.210938 0.799372 0.210938 0.735617 0.209375 0.732845 0.209375 0.716213 0.207812 0.713441 0.207812 0.705126 0.204687 0.699582 0.204687 0.69681 0.201563 0.691266 0.201563 0.68295 0.850925 161
2 0.01875 0.505544 0.01875 0.516632 0.0171875 0.519404 0.015625 0.519404 0.0140625 0.522176 0.009375 0.522176 0.009375 0.544352 0.0140625 0.544352 0.01875 0.552667 0.034375 0.552667 0.0359375 0.555439 0.0421875 0.555439 0.04375 0.558211 0.046875 0.558211 0.0484375 0.555439 0.0515625 0.555439 0.053125 0.552667 0.0609375 0.552667 0.0625 0.555439 0.06875 0.555439 0.0703125 0.552667 0.071875 0.552667 0.0734375 0.549895 0.075 0.549895 0.075 0.536036 0.0734375 0.533264 0.0734375 0.530492 0.06875 0.522176 0.0671875 0.522176 0.065625 0.519404 0.0640625 0.519404 0.0609375 0.51386 0.0609375 0.505544 0.739663 208
0 0.146875 0.47228 0.146875 0.547123 0.15625 0.547123 0.15625 0.538808 0.159375 0.533264 0.164062 0.533264 0.164062 0.47228 0.597782 209
0 0.0921875 0.605335 0.0921875 0.619195 0.090625 0.621967 0.090625 0.644142 0.0890625 0.646914 0.0890625 0.649686 0.0875 0.652458 0.0859375 0.652458 0.0828125 0.658002 0.078125 0.658002 0.078125 0.746705 0.0828125 0.746705 0.084375 0.749477 0.084375 0.752249 0.0859375 0.755021 0.0859375 0.774425 0.0875 0.777197 0.0875 0.785513 0.0890625 0.788284 0.0890625 0.793828 0.090625 0.7966 0.090625 0.799372 0.0921875 0.802144 0.0921875 0.807688 0.09375 0.81046 0.09375 0.821548 0.0953125 0.82432 0.0953125 0.832636 0.096875 0.835408 0.096875 0.843724 0.0984375 0.846496 0.0984375 0.8659 0.1 0.868671 0.1 0.879759 0.101562 0.882531 0.101562 0.890847 0.103125 0.893619 0.103125 0.901935 0.104688 0.904707 0.104688 0.910251 0.10625 0.913023 0.10625 0.918567 0.107812 0.921339 0.107812 0.924111 0.109375 0.926883 0.109375 0.932427 0.110937 0.935199 0.110937 0.940743 0.1125 0.943515 0.1125 0.946287 0.114062 0.949059 0.121875 0.949059 0.126562 0.957374 0.126562 0.968462 0.13125 0.968462 0.13125 0.960146 0.132812 0.957374 0.134375 0.957374 0.135937 0.954602 0.1375 0.954602 0.139062 0.951831 0.140625 0.951831 0.14375 0.946287 0.142187 0.943515 0.142187 0.940743 0.140625 0.937971 0.140625 0.935199 0.1375 0.929655 0.1375 0.926883 0.135937 0.924111 0.135937 0.913023 0.134375 0.910251 0.134375 0.907479 0.128125 0.896391 0.126562 0.896391 0.120313 0.885303 0.120313 0.882531 0.11875 0.879759 0.11875 0.849268 0.120313 0.846496 0.120313 0.840952 0.123437 0.835408 0.123437 0.832636 0.126562 0.827092 0.126562 0.82432 0.128125 0.821548 0.128125 0.818776 0.129688 0.816004 0.129688 0.813232 0.13125 0.81046 0.13125 0.807688 0.132812 0.804916 0.132812 0.793828 0.13125 0.791056 0.13125 0.782741 0.129688 0.779969 0.129688 0.774425 0.128125 0.771653 0.128125 0.766109 0.126562 0.763337 0.126562 0.757793 0.125 0.755021 0.125 0.743933 0.123437 0.741161 0.123437 0.721757 0.121875 0.718985 0.121875 0.707897 0.120313 0.705126 0.120313 0.699582 0.11875 0.69681 0.11875 0.691266 0.117188 0.688494 0.117188 0.68295 0.115625 0.680178 0.115625 0.677406 0.110937 0.66909 0.110937 0.658002 0.114062 0.652458 0.114062 0.649686 0.115625 0.646914 0.114062 0.644142 0.114062 0.630282 0.1125 0.62751 0.1125 0.624739 0.110937 0.621967 0.110937 0.619195 0.109375 0.616423 0.109375 0.605335 0.771326 4
2 0.003125 0.538808 0.003125 0.602563 0.009375 0.602563 0.009375 0.594247 0.0125 0.588703 0.0140625 0.588703 0.015625 0.585931 0.015625 0.583159 0.0171875 0.580387 0.0171875 0.574843 0.01875 0.572071 0.01875 0.560983 0.0171875 0.558211 0.0171875 0.552667 0.015625 0.549895 0.015625 0.538808 0.751636 241
