2 0.965625 0.549895 0.965625 0.558211 0.951562 0.583159 0.946875 0.583159 0.946875 0.646914 0.953125 0.646914 0.954688 0.649686 0.954688 0.652458 0.957812 0.658002 0.957812 0.660774 0.959375 0.663546 0.959375 0.666318 0.964062 0.674634 0.965625 0.674634 0.967187 0.677406 0.975 0.677406 0.976562 0.680178 0.978125 0.680178 0.979687 0.68295 0.979687 0.691266 0.989062 0.691266 0.989062 0.68295 0.992188 0.677406 0.992188 0.674634 0.996875 0.666318 0.998437 0.666318 0.998437 0.549895 0.789244 175
2 0.564062 0.516632 0.564062 0.52772 0.557813 0.538808 0.553125 0.538808 0.553125 0.605335 0.557813 0.605335 0.559375 0.608107 0.5625 0.608107 0.564062 0.610879 0.567187 0.610879 0.56875 0.613651 0.570312 0.613651 0.573438 0.619195 0.576562 0.619195 0.578125 0.621967 0.579687 0.621967 0.58125 0.624739 0.582812 0.624739 0.585938 0.630282 0.5875 0.630282 0.589063 0.633054 0.592187 0.633054 0.59375 0.635826 0.601562 0.635826 0.603125 0.633054 0.60625 0.633054 0.607812 0.630282 0.609375 0.630282 0.610938 0.62751 0.614062 0.62751 0.615625 0.624739 0.61875 0.624739 0.620312 0.621967 0.673438 0.621967 0.675 0.624739 0.685937 0.624739 0.6875 0.62751 0.69375 0.62751 0.695312 0.630282 0.701562 0.630282 0.703125 0.633054 0.707812 0.633054 0.709375 0.635826 0.717187 0.635826 0.71875 0.633054 0.721875 0.633054 0.723437 0.630282 0.725 0.630282 0.728125 0.624739 0.73125 0.624739 0.732812 0.621967 0.734375 0.621967 0.735938 0.619195 0.7375 0.619195 0.742188 0.610879 0.742188 0.605335 0.74375 0.602563 0.74375 0.588703 0.742188 0.585931 0.742188 0.577615 0.739062 0.572071 0.739062 0.569299 0.7375 0.569299 0.734375 0.563755 0.732812 0.563755 0.73125 0.560983 0.729687 0.560983 0.728125 0.558211 0.725 0.558211 0.723437 0.555439 0.721875 0.555439 0.720313 0.552667 0.717187 0.552667 0.715625 0.549895 0.7125 0.549895 0.710938 0.547123 0.70625 0.547123 0.704688 0.544352 0.7 0.544352 0.698437 0.541579 0.69375 0.541579 0.692187 0.538808 0.690625 0.538808 0.689063 0.536036 0.6875 0.536036 0.685937 0.533264 0.684375 0.533264 0.682812 0.530492 0.68125 0.530492 0.678125 0.524948 0.678125 0.516632 0.904132 240
9 0.634375 0.31705 0.634375 0.347542 0.651562 0.347542 0.651562 0.31705 0.498022 13
2 0.584375 0.47228 0.584375 0.51386 0.601562 0.51386 0.601562 0.505544 0.603125 0.502772 0.604687 0.502772 0.60625 0.5 0.609375 0.5 0.610938 0.497228 0.6125 0.497228 0.614062 0.494456 0.620312 0.494456 0.620312 0.47228 0.621666 1
9 0.953125 0.0287657 0.953125 0.186768 0.957812 0.186768 0.959375 0.18954 0.959375 0.192312 0.965625 0.2034 0.967187 0.2034 0.96875 0.206172 0.970313 0.206172 0.971875 0.208944 0.975 0.208944 0.976562 0.211715 0.98125 0.211715 0.982812 0.214487 0.989062 0.214487 0.990625 0.211715 0.995312 0.211715 0.996875 0.208944 0.998437 0.208944 0.998437 0.0287657 0.278561 19
2 0.534375 0.47228 0.534375 0.51386 0.570312 0.51386 0.570312 0.488912 0.565625 0.488912 0.564062 0.48614 0.564062 0.47228 0.663768 3
2 0.490625 0.461192 0.490625 0.502772 0.520312 0.502772 0.520312 0.461192 0.671015 380
2 0.396875 0.461192 0.396875 0.516632 0.432812 0.516632 0.435937 0.511088 0.435937 0.508316 0.4375 0.505544 0.4375 0.491684 0.435937 0.488912 0.435937 0.483368 0.434375 0.480596 0.434375 0.475052 0.432812 0.47228 0.432812 0.461192 0.596623 12
5 0.301562 0.405753 0.301562 0.414069 0.3 0.416841 0.296875 0.416841 0.295312 0.419613 0.292187 0.419613 0.290625 0.422385 0.284375 0.422385 0.284375 0.522176 0.290625 0.522176 0.292187 0.524948 0.29375 0.524948 0.295312 0.52772 0.295312 0.536036 0.339062 0.536036 0.339062 0.52772 0.340625 0.524948 0.345312 0.524948 0.346875 0.522176 0.351562 0.522176 0.353125 0.519404 0.354687 0.519404 0.35625 0.516632 0.359375 0.516632 0.360937 0.51386 0.364063 0.51386 0.365625 0.511088 0.370312 0.511088 0.371875 0.508316 0.376562 0.508316 0.378125 0.505544 0.379688 0.505544 0.38125 0.502772 0.38125 0.5 0.384375 0.494456 0.389062 0.494456 0.389062 0.439017 0.384375 0.439017 0.382812 0.436245 0.382812 0.430701 0.38125 0.427929 0.38125 0.422385 0.379688 0.419613 0.379688 0.405753 0.916495 397
2 0.434375 0.450105 0.434375 0.491684 0.457813 0.491684 0.457813 0.450105 0.625296 425
0 0.498437 0.560983 0.498437 0.583159 0.5 0.585931 0.5 0.605335 0.498437 0.608107 0.498437 0.610879 0.496875 0.613651 0.490625 0.613651 0.490625 0.760565 0.495312 0.760565 0.496875 0.763337 0.496875 0.766109 0.498437 0.768881 0.498437 0.782741 0.5 0.785513 0.5 0.813232 0.498437 0.816004 0.498437 0.818776 0.496875 0.821548 0.490625 0.821548 0.490625 0.829864 0.498437 0.829864 0.5 0.832636 0.50625 0.832636 0.507812 0.835408 0.515625 0.835408 0.51875 0.829864 0.51875 0.827092 0.520312 0.82432 0.520312 0.81046 0.521875 0.807688 0.521875 0.788284 0.523438 0.785513 0.523438 0.716213 0.525 0.713441 0.525 0.710669 0.529687 0.702354 0.529687 0.69681 0.53125 0.694038 0.53125 0.691266 0.529687 0.688494 0.529687 0.674634 0.528125 0.671862 0.528125 0.610879 0.525 0.605335 0.525 0.602563 0.521875 0.597019 0.520312 0.597019 0.51875 0.594247 0.51875 0.591475 0.517187 0.588703 0.517187 0.577615 0.515625 0.574843 0.515625 0.560983 0.874533 188
0 0.728125 0.47228 0.728125 0.536036 0.732812 0.536036 0.732812 0.52772 0.734375 0.524948 0.734375 0.522176 0.735938 0.519404 0.735938 0.505544 0.7375 0.502772 0.7375 0.47228 0.394783 447
2 0.132812 0.538808 0.132812 0.547123 0.129688 0.552667 0.128125 0.552667 0.126562 0.555439 0.125 0.555439 0.123437 0.558211 0.121875 0.558211 0.11875 0.563755 0.117188 0.563755 0.114062 0.569299 0.1125 0.569299 0.110937 0.572071 0.109375 0.572071 0.107812 0.574843 0.104688 0.574843 0.103125 0.577615 0.096875 0.577615 0.096875 0.624739 0.103125 0.624739 0.104688 0.621967 0.109375 0.621967 0.110937 0.624739 0.110937 0.630282 0.1125 0.633054 0.1125 0.652458 0.114062 0.65523 0.114062 0.658002 0.120313 0.66909 0.123437 0.66909 0.125 0.671862 0.128125 0.671862 0.129688 0.66909 0.132812 0.66909 0.134375 0.666318 0.1375 0.666318 0.139062 0.663546 0.164062 0.663546 0.165625 0.666318 0.189062 0.666318 0.190625 0.66909 0.203125 0.66909 0.204687 0.671862 0.209375 0.671862 0.210938 0.674634 0.215625 0.674634 0.217188 0.677406 0.220312 0.677406 0.223437 0.68295 0.223437 0.691266 0.24375 0.691266 0.24375 0.68295 0.246875 0.677406 0.25 0.677406 0.251563 0.674634 0.25625 0.674634 0.257812 0.671862 0.264062 0.671862 0.265625 0.66909 0.270312 0.66909 0.271875 0.666318 0.276562 0.666318 0.278125 0.663546 0.28125 0.663546 0.282813 0.660774 0.284375 0.660774 0.285937 0.658002 0.2875 0.658002 0.289062 0.65523 0.290625 0.65523 0.29375 0.649686 0.29375 0.646914 0.295312 0.644142 0.295312 0.64137 0.296875 0.638598 0.301562 0.638598 0.301562 0.630282 0.296875 0.630282 0.295312 0.62751 0.295312 0.621967 0.29375 0.619195 0.29375 0.613651 0.292187 0.610879 0.292187 0.608107 0.28125 0.588703 0.279687 0.588703 0.278125 0.585931 0.276562 0.585931 0.275 0.583159 0.271875 0.583159 0.270312 0.580387 0.267188 0.580387 0.265625 0.577615 0.260937 0.577615 0.259375 0.574843 0.253125 0.574843 0.251563 0.572071 0.245312 0.572071 0.24375 0.569299 0.240625 0.569299 0.239062 0.566527 0.2375 0.566527 0.235937 0.563755 0.234375 0.563755 0.232813 0.560983 0.23125 0.560983 0.229687 0.558211 0.228125 0.558211 0.226562 0.555439 0.225 0.555439 0.223437 0.552667 0.220312 0.552667 0.217188 0.547123 0.217188 0.538808 0.920287 449
9 0.328125 0.305962 0.328125 0.35863 0.332813 0.35863 0.332813 0.350314 0.3375 0.341998 0.3375 0.339226 0.339062 0.336454 0.339062 0.328138 0.340625 0.325366 0.345312 0.325366 0.345312 0.305962 0.362394 122
0 0.151562 0.694038 0.151562 0.707897 0.15 0.710669 0.15 0.713441 0.148438 0.716213 0.148438 0.741161 0.15 0.743933 0.15 0.755021 0.151562 0.757793 0.151562 0.760565 0.153125 0.763337 0.153125 0.766109 0.154688 0.768881 0.154688 0.771653 0.15625 0.774425 0.15625 0.791056 0.154688 0.793828 0.154688 0.7966 0.153125 0.799372 0.153125 0.802144 0.151562 0.804916 0.151562 0.807688 0.148438 0.813232 0.148438 0.816004 0.146875 0.818776 0.146875 0.821548 0.145313 0.82432 0.145313 0.827092 0.14375 0.829864 0.14375 0.832636 0.142187 0.835408 0.142187 0.840952 0.139062 0.846496 0.134375 0.846496 0.134375 0.982322 0.139062 0.982322 0.140625 0.985094 0.140625 0.987866 0.142187 0.990638 0.142187 1 0.24375 1 0.24375 0.99341 0.242188 0.990638 0.242188 0.97955 0.240625 0.976778 0.240625 0.971234 0.239062 0.968462 0.239062 0.96569 0.2375 0.962918 0.2375 0.960146 0.235937 0.957374 0.235937 0.951831 0.234375 0.949059 0.234375 0.943515 0.23125 0.937971 0.23125 0.935199 0.229687 0.932427 0.229687 0.926883 0.228125 0.924111 0.228125 0.921339 0.226562 0.918567 0.226562 0.915795 0.225 0.913023 0.225 0.910251 0.223437 0.907479 0.223437 0.901935 0.221875 0.899163 0.221875 0.896391 0.220312 0.893619 0.220312 0.890847 0.21875 0.888075 0.21875 0.885303 0.217188 0.882531 0.217188 0.876987 0.215625 0.874215 0.215625 0.868671 0.2125 0.863128 0.2125 0.857584 0.210938 0.854812 0.210938 0.846496 0.209375 0.843724 0.209375 0.83818 0.207812 0.835408 0.207812 0.832636 0.20625 0.829864 0.20625 0.82432 0.204687 0.821548 0.204687 0.818776 0.203125 0.816004 0.203125 0.813232 0.201563 0.81046 0.201563 0.807688 0.198437 0.802144 0.198437 0.741161 0.196875 0.738389 0.196875 0.716213 0.195312 0.713441 0.195312 0.707897 0.19375 0.705126 0.19375 0.694038 0.85335 455
2 0.01875 0.505544 0.01875 0.51386 0.015625 0.519404 0.009375 0.519404 0.009375 0.547123 0.0140625 0.547123 0.0171875 0.552667 0.034375 0.552667 0.0359375 0.555439 0.0421875 0.555439 0.04375 0.558211 0.046875 0.558211 0.0484375 0.555439 0.0515625 0.555439 0.053125 0.552667 0.0609375 0.552667 0.0625 0.555439 0.06875 0.555439 0.0703125 0.552667 0.071875 0.552667 0.0734375 0.549895 0.075 0.549895 0.075 0.536036 0.0734375 0.533264 0.0734375 0.530492 0.06875 0.522176 0.0671875 0.522176 0.065625 0.519404 0.0640625 0.519404 0.0609375 0.51386 0.0609375 0.505544 0.762571 472
0 0.146875 0.47228 0.146875 0.547123 0.154688 0.547123 0.154688 0.538808 0.15625 0.536036 0.15625 0.52772 0.157812 0.524948 0.157812 0.519404 0.159375 0.516632 0.164062 0.516632 0.164062 0.483368 0.159375 0.483368 0.157812 0.480596 0.157812 0.47228 0.553459 473
3 0.828125 0.494456 0.828125 0.547123 0.8375 0.547123 0.8375 0.536036 0.840625 0.530492 0.845313 0.530492 0.845313 0.511088 0.840625 0.511088 0.839062 0.508316 0.839062 0.494456 0.270898 402
0 0.090625 0.605335 0.090625 0.64137 0.0890625 0.644142 0.0890625 0.646914 0.084375 0.65523 0.078125 0.65523 0.078125 0.746705 0.0828125 0.746705 0.084375 0.749477 0.084375 0.752249 0.0859375 0.755021 0.0859375 0.774425 0.0875 0.777197 0.0875 0.785513 0.0890625 0.788284 0.0890625 0.793828 0.090625 0.7966 0.090625 0.799372 0.0921875 0.802144 0.0921875 0.81046 0.09375 0.813232 0.09375 0.82432 0.0953125 0.827092 0.0953125 0.832636 0.096875 0.835408 0.096875 0.846496 0.0984375 0.849268 0.0984375 0.868671 0.1 0.871444 0.1 0.882531 0.101562 0.885303 0.101562 0.893619 0.103125 0.896391 0.103125 0.901935 0.104688 0.904707 0.104688 0.910251 0.10625 0.913023 0.10625 0.918567 0.107812 0.921339 0.107812 0.926883 0.109375 0.929655 0.109375 0.932427 0.110937 0.935199 0.110937 0.940743 0.1125 0.943515 0.1125 0.946287 0.114062 0.949059 0.120313 0.949059 0.121875 0.951831 0.123437 0.951831 0.126562 0.957374 0.126562 0.968462 0.129688 0.968462 0.129688 0.957374 0.13125 0.954602 0.132812 0.954602 0.134375 0.951831 0.139062 0.951831 0.139062 0.924111 0.134375 0.924111 0.13125 0.918567 0.13125 0.913023 0.129688 0.910251 0.128125 0.910251 0.125 0.904707 0.125 0.899163 0.120313 0.890847 0.120313 0.885303 0.11875 0.882531 0.11875 0.854812 0.120313 0.85204 0.120313 0.846496 0.121875 0.843724 0.121875 0.840952 0.123437 0.83818 0.123437 0.835408 0.126562 0.829864 0.126562 0.827092 0.128125 0.82432 0.128125 0.818776 0.129688 0.816004 0.129688 0.813232 0.13125 0.81046 0.13125 0.807688 0.132812 0.804916 0.132812 0.793828 0.13125 0.791056 0.13125 0.782741 0.129688 0.779969 0.129688 0.774425 0.128125 0.771653 0.128125 0.763337 0.126562 0.760565 0.126562 0.757793 0.125 0.755021 0.125 0.743933 0.123437 0.741161 0.123437 0.724529 0.121875 0.721757 0.121875 0.710669 0.120313 0.707897 0.120313 0.702354 0.11875 0.699582 0.11875 0.691266 0.117188 0.688494 0.117188 0.685722 0.115625 0.68295 0.115625 0.680178 0.114062 0.677406 0.114062 0.633054 0.1125 0.630282 0.1125 0.624739 0.109375 0.619195 0.109375 0.605335 0.80242 4
2 0 0.538808 0 0.602563 0.0078125 0.602563 0.0078125 0.591475 0.015625 0.577615 0.0203125 0.577615 0.0203125 0.555439 0.015625 0.555439 0.0125 0.549895 0.0125 0.538808 0.729676 487
