9 0.003125 0.217259 0.003125 0.30319 0.015625 0.30319 0.015625 0.289331 0.0171875 0.286559 0.0171875 0.267155 0.01875 0.264383 0.01875 0.217259 0.323179 15
2 0.935937 0.549895 0.935937 0.558211 0.923438 0.580387 0.923438 0.583159 0.920312 0.588703 0.915625 0.588703 0.915625 0.652458 0.921875 0.652458 0.926562 0.660774 0.926562 0.663546 0.934375 0.677406 0.935937 0.677406 0.9375 0.680178 0.942187 0.680178 0.94375 0.68295 0.95 0.68295 0.951562 0.685722 0.957812 0.685722 0.959375 0.688494 0.960938 0.688494 0.964062 0.694038 0.964062 0.702354 0.985938 0.702354 0.985938 0.688494 0.9875 0.685722 0.9875 0.680178 0.989062 0.677406 0.989062 0.66909 0.990625 0.666318 0.990625 0.663546 0.992188 0.660774 0.992188 0.65523 0.99375 0.652458 0.99375 0.646914 0.995312 0.644142 0.995312 0.64137 0.996875 0.638598 0.998437 0.638598 0.998437 0.549895 0.86589 175
2 0.51875 0.505544 0.51875 0.51386 0.514062 0.522176 0.514062 0.524948 0.510938 0.530492 0.510938 0.533264 0.509375 0.536036 0.503125 0.536036 0.503125 0.577615 0.509375 0.577615 0.510938 0.574843 0.5125 0.574843 0.514062 0.572071 0.515625 0.574843 0.517187 0.574843 0.51875 0.577615 0.520312 0.577615 0.523438 0.583159 0.523438 0.585931 0.525 0.588703 0.525 0.591475 0.526563 0.594247 0.526563 0.597019 0.528125 0.599791 0.528125 0.602563 0.53125 0.608107 0.53125 0.610879 0.532812 0.613651 0.532812 0.621967 0.534375 0.624739 0.534375 0.62751 0.535937 0.630282 0.5375 0.630282 0.539062 0.633054 0.551562 0.633054 0.553125 0.630282 0.55625 0.630282 0.557813 0.62751 0.5625 0.62751 0.564062 0.624739 0.56875 0.624739 0.570312 0.621967 0.635937 0.621967 0.6375 0.624739 0.646875 0.624739 0.648438 0.62751 0.651562 0.62751 0.653125 0.630282 0.65625 0.630282 0.657813 0.633054 0.660937 0.633054 0.6625 0.635826 0.670312 0.635826 0.671875 0.633054 0.675 0.633054 0.676562 0.630282 0.678125 0.630282 0.679688 0.62751 0.68125 0.62751 0.682812 0.624739 0.684375 0.624739 0.685937 0.621967 0.689063 0.621967 0.690625 0.619195 0.692187 0.619195 0.695312 0.613651 0.701562 0.613651 0.701562 0.569299 0.695312 0.569299 0.690625 0.560983 0.689063 0.560983 0.6875 0.558211 0.685937 0.558211 0.684375 0.555439 0.68125 0.555439 0.679688 0.552667 0.676562 0.552667 0.675 0.549895 0.671875 0.549895 0.670312 0.547123 0.66875 0.547123 0.667187 0.544352 0.665625 0.544352 0.664062 0.541579 0.6625 0.541579 0.660937 0.538808 0.657813 0.538808 0.65625 0.536036 0.646875 0.536036 0.645312 0.533264 0.640625 0.533264 0.639062 0.530492 0.635937 0.530492 0.632812 0.524948 0.63125 0.524948 0.629687 0.522176 0.628125 0.522176 0.623437 0.51386 0.623437 0.505544 0.878717 240
9 0.634375 0.31705 0.634375 0.35863 0.64375 0.35863 0.64375 0.350314 0.646875 0.34477 0.651562 0.34477 0.651562 0.31705 0.561517 13
2 0.578125 0.47228 0.578125 0.51386 0.610938 0.51386 0.610938 0.505544 0.614062 0.5 0.620312 0.5 0.620312 0.47228 0.692238 1
9 0.953125 0.0287657 0.953125 0.186768 0.957812 0.186768 0.959375 0.18954 0.959375 0.192312 0.9625 0.197856 0.9625 0.200628 0.964062 0.200628 0.965625 0.2034 0.967187 0.2034 0.96875 0.206172 0.970313 0.206172 0.971875 0.208944 0.973437 0.208944 0.975 0.211715 0.979687 0.211715 0.98125 0.214487 0.990625 0.214487 0.992188 0.211715 0.995312 0.211715 0.996875 0.208944 0.998437 0.208944 0.998437 0.0287657 0.298845 19
2 0.565625 0.461192 0.565625 0.491684 0.579687 0.491684 0.579687 0.480596 0.58125 0.477824 0.58125 0.475052 0.582812 0.47228 0.589063 0.47228 0.589063 0.461192 0.258715 14
2 0.534375 0.461192 0.534375 0.5 0.545312 0.5 0.546875 0.497228 0.559375 0.497228 0.560937 0.494456 0.5625 0.494456 0.564062 0.491684 0.564062 0.48614 0.565625 0.483368 0.570312 0.483368 0.570312 0.480596 0.565625 0.480596 0.564062 0.477824 0.564062 0.47228 0.5625 0.469508 0.5625 0.461192 0.408489 3
2 0.490625 0.450105 0.490625 0.502772 0.520312 0.502772 0.520312 0.469508 0.515625 0.469508 0.5125 0.463964 0.5125 0.450105 0.665425 380
2 0.396875 0.461192 0.396875 0.524948 0.434375 0.524948 0.434375 0.51386 0.439062 0.505544 0.445312 0.505544 0.445312 0.491684 0.440625 0.491684 0.4375 0.48614 0.4375 0.483368 0.435937 0.480596 0.435937 0.477824 0.432812 0.47228 0.432812 0.461192 0.667228 12
5 0.304688 0.405753 0.304688 0.414069 0.303125 0.416841 0.301562 0.416841 0.3 0.419613 0.29375 0.419613 0.292187 0.422385 0.290625 0.422385 0.289062 0.425157 0.284375 0.425157 0.284375 0.516632 0.289062 0.516632 0.290625 0.519404 0.292187 0.519404 0.29375 0.522176 0.296875 0.522176 0.3 0.52772 0.3 0.536036 0.339062 0.536036 0.339062 0.52772 0.340625 0.524948 0.345312 0.524948 0.346875 0.522176 0.351562 0.522176 0.353125 0.519404 0.354687 0.519404 0.35625 0.516632 0.359375 0.516632 0.360937 0.51386 0.3625 0.51386 0.364063 0.511088 0.36875 0.511088 0.370312 0.508316 0.373437 0.508316 0.375 0.505544 0.378125 0.505544 0.379688 0.502772 0.38125 0.502772 0.382812 0.5 0.389062 0.5 0.389062 0.425157 0.384375 0.425157 0.38125 0.419613 0.38125 0.405753 0.91753 397
2 0.434375 0.450105 0.434375 0.491684 0.454687 0.491684 0.454687 0.477824 0.45625 0.475052 0.45625 0.450105 0.634119 425
0 0.504687 0.549895 0.504687 0.558211 0.503125 0.560983 0.503125 0.563755 0.501562 0.566527 0.501562 0.588703 0.503125 0.591475 0.503125 0.605335 0.5 0.610879 0.5 0.616423 0.498437 0.619195 0.498437 0.621967 0.496875 0.624739 0.496875 0.630282 0.495312 0.633054 0.495312 0.646914 0.49375 0.649686 0.49375 0.660774 0.492188 0.663546 0.492188 0.66909 0.489063 0.674634 0.484375 0.674634 0.484375 0.713441 0.49375 0.713441 0.498437 0.721757 0.498437 0.741161 0.5 0.743933 0.5 0.763337 0.501562 0.766109 0.501562 0.774425 0.503125 0.777197 0.503125 0.785513 0.504687 0.788284 0.504687 0.802144 0.503125 0.804916 0.503125 0.807688 0.5 0.813232 0.5 0.816004 0.495312 0.82432 0.495312 0.827092 0.496875 0.829864 0.498437 0.829864 0.5 0.832636 0.50625 0.832636 0.507812 0.835408 0.515625 0.835408 0.520312 0.827092 0.520312 0.81046 0.521875 0.807688 0.521875 0.788284 0.523438 0.785513 0.523438 0.727301 0.525 0.724529 0.525 0.716213 0.529687 0.707897 0.53125 0.707897 0.532812 0.705126 0.539062 0.705126 0.539062 0.680178 0.534375 0.680178 0.53125 0.674634 0.53125 0.658002 0.529687 0.65523 0.529687 0.644142 0.53125 0.64137 0.53125 0.610879 0.529687 0.608107 0.529687 0.549895 0.878429 188
0 0.728125 0.47228 0.728125 0.522176 0.732812 0.522176 0.735938 0.516632 0.735938 0.47228 0.44707 447
2 0.0859375 0.538808 0.0859375 0.547123 0.0828125 0.552667 0.0796875 0.552667 0.078125 0.555439 0.0765625 0.555439 0.0734375 0.560983 0.071875 0.560983 0.0703125 0.563755 0.06875 0.563755 0.0671875 0.566527 0.065625 0.566527 0.0609375 0.574843 0.059375 0.574843 0.0578125 0.577615 0.0546875 0.577615 0.053125 0.580387 0.046875 0.580387 0.046875 0.64137 0.053125 0.64137 0.0546875 0.644142 0.05625 0.644142 0.0578125 0.646914 0.059375 0.646914 0.0640625 0.65523 0.065625 0.65523 0.06875 0.660774 0.0703125 0.660774 0.071875 0.663546 0.0796875 0.663546 0.0828125 0.658002 0.084375 0.658002 0.0921875 0.644142 0.0921875 0.630282 0.09375 0.62751 0.09375 0.621967 0.096875 0.616423 0.0984375 0.616423 0.101562 0.610879 0.104688 0.610879 0.10625 0.613651 0.109375 0.613651 0.110937 0.616423 0.110937 0.619195 0.115625 0.62751 0.115625 0.644142 0.114062 0.646914 0.114062 0.649686 0.11875 0.658002 0.123437 0.658002 0.125 0.660774 0.139062 0.660774 0.140625 0.663546 0.146875 0.663546 0.148438 0.666318 0.151562 0.666318 0.153125 0.66909 0.154688 0.66909 0.15625 0.671862 0.157812 0.671862 0.159375 0.674634 0.160937 0.674634 0.1625 0.677406 0.165625 0.677406 0.167187 0.680178 0.176562 0.680178 0.178125 0.677406 0.18125 0.677406 0.182812 0.674634 0.184375 0.674634 0.1875 0.66909 0.189062 0.66909 0.190625 0.666318 0.195312 0.666318 0.196875 0.663546 0.201563 0.663546 0.203125 0.660774 0.207812 0.660774 0.209375 0.658002 0.217188 0.658002 0.21875 0.65523 0.223437 0.65523 0.226562 0.649686 0.228125 0.649686 0.23125 0.644142 0.23125 0.64137 0.234375 0.635826 0.239062 0.635826 0.239062 0.613651 0.234375 0.613651 0.23125 0.608107 0.23125 0.605335 0.221875 0.588703 0.220312 0.588703 0.21875 0.585931 0.217188 0.585931 0.215625 0.583159 0.2125 0.583159 0.210938 0.580387 0.207812 0.580387 0.20625 0.577615 0.203125 0.577615 0.201563 0.574843 0.195312 0.574843 0.19375 0.572071 0.1875 0.572071 0.185938 0.569299 0.182812 0.569299 0.18125 0.566527 0.179688 0.566527 0.178125 0.563755 0.176562 0.563755 0.171875 0.555439 0.170313 0.555439 0.165625 0.547123 0.165625 0.538808 0.913905 449
9 0.328125 0.305962 0.328125 0.347542 0.334375 0.347542 0.3375 0.341998 0.3375 0.339226 0.339062 0.336454 0.339062 0.33091 0.340625 0.328138 0.345312 0.328138 0.345312 0.305962 0.377322 122
0 0.0890625 0.694038 0.0890625 0.702354 0.090625 0.705126 0.090625 0.707897 0.0921875 0.710669 0.0921875 0.743933 0.090625 0.746705 0.090625 0.763337 0.0921875 0.766109 0.0921875 0.768881 0.0953125 0.774425 0.0953125 0.777197 0.096875 0.779969 0.096875 0.782741 0.09375 0.788284 0.09375 0.791056 0.090625 0.7966 0.090625 0.799372 0.0890625 0.802144 0.0890625 0.804916 0.0875 0.807688 0.0875 0.81046 0.084375 0.816004 0.084375 0.818776 0.08125 0.82432 0.08125 0.827092 0.0796875 0.829864 0.0796875 0.832636 0.078125 0.835408 0.078125 0.83818 0.0765625 0.840952 0.071875 0.840952 0.071875 0.982322 0.0765625 0.982322 0.0796875 0.987866 0.0796875 1 0.151562 1 0.151562 0.987866 0.153125 0.985094 0.153125 0.97955 0.15625 0.974006 0.15625 0.971234 0.159375 0.96569 0.160937 0.96569 0.1625 0.962918 0.164062 0.962918 0.165625 0.960146 0.165625 0.946287 0.167187 0.943515 0.167187 0.937971 0.16875 0.935199 0.171875 0.935199 0.176562 0.943515 0.178125 0.943515 0.179688 0.946287 0.179688 0.949059 0.192187 0.971234 0.192187 0.974006 0.203125 0.99341 0.203125 1 0.209375 1 0.209375 0.990638 0.210938 0.987866 0.210938 0.968462 0.198437 0.946287 0.198437 0.943515 0.19375 0.935199 0.19375 0.932427 0.192187 0.929655 0.192187 0.926883 0.189062 0.921339 0.189062 0.918567 0.1875 0.915795 0.1875 0.913023 0.182812 0.904707 0.182812 0.901935 0.178125 0.893619 0.178125 0.890847 0.175 0.885303 0.175 0.882531 0.171875 0.876987 0.171875 0.874215 0.167187 0.8659 0.167187 0.863128 0.1625 0.854812 0.1625 0.85204 0.157812 0.843724 0.157812 0.840952 0.15625 0.83818 0.15625 0.829864 0.154688 0.827092 0.154688 0.82432 0.153125 0.821548 0.153125 0.818776 0.15 0.813232 0.15 0.81046 0.148438 0.807688 0.148438 0.804916 0.145313 0.799372 0.145313 0.7966 0.142187 0.791056 0.142187 0.788284 0.1375 0.779969 0.1375 0.746705 0.135937 0.743933 0.135937 0.718985 0.134375 0.716213 0.134375 0.707897 0.132812 0.705126 0.132812 0.694038 0.872898 455
0 0.995312 0.62751 0.995312 0.65523 0.99375 0.658002 0.99375 0.671862 0.992188 0.674634 0.992188 0.68295 0.990625 0.685722 0.990625 0.694038 0.989062 0.69681 0.989062 0.705126 0.9875 0.707897 0.9875 0.727301 0.985938 0.730073 0.985938 0.741161 0.984375 0.743933 0.984375 0.752249 0.982812 0.755021 0.982812 0.766109 0.98125 0.768881 0.98125 0.779969 0.979687 0.782741 0.979687 0.793828 0.978125 0.7966 0.978125 0.804916 0.976562 0.807688 0.976562 0.816004 0.975 0.818776 0.975 0.82432 0.973437 0.827092 0.973437 0.835408 0.971875 0.83818 0.971875 0.840952 0.970313 0.843724 0.970313 0.846496 0.967187 0.85204 0.967187 0.854812 0.960938 0.8659 0.960938 0.868671 0.95625 0.876987 0.95625 0.879759 0.951562 0.888075 0.946875 0.888075 0.946875 0.940743 0.959375 0.940743 0.960938 0.943515 0.964062 0.943515 0.967187 0.949059 0.967187 0.957374 0.979687 0.957374 0.979687 0.949059 0.982812 0.943515 0.9875 0.943515 0.989062 0.940743 0.99375 0.940743 0.995312 0.937971 0.998437 0.937971 0.998437 0.62751 0.471496 405
2 0.01875 0.505544 0.01875 0.51386 0.0140625 0.522176 0.009375 0.522176 0.009375 0.555439 0.025 0.555439 0.0265625 0.552667 0.034375 0.552667 0.0359375 0.555439 0.04375 0.555439 0.0453125 0.558211 0.046875 0.558211 0.0484375 0.555439 0.05 0.555439 0.0515625 0.552667 0.0703125 0.552667 0.071875 0.549895 0.075 0.549895 0.0765625 0.547123 0.0828125 0.547123 0.078125 0.547123 0.0765625 0.544352 0.0765625 0.541579 0.075 0.538808 0.075 0.536036 0.0734375 0.533264 0.0734375 0.530492 0.06875 0.522176 0.0671875 0.522176 0.065625 0.519404 0.0640625 0.519404 0.0609375 0.51386 0.0609375 0.505544 0.645176 472
0 0.140625 0.47228 0.140625 0.547123 0.154688 0.547123 0.154688 0.52772 0.15625 0.524948 0.15625 0.519404 0.154688 0.516632 0.15625 0.51386 0.15625 0.488912 0.154688 0.48614 0.154688 0.47228 0.481408 473
0 0.846875 0.483368 0.846875 0.547123 0.859375 0.547123 0.859375 0.533264 0.860938 0.530492 0.860938 0.502772 0.859375 0.5 0.859375 0.483368 0.454023 480
0 0.828125 0.494456 0.828125 0.547123 0.842187 0.547123 0.842187 0.494456 0.287495 402
