2 0.98125 0.560983 0.98125 0.569299 0.976562 0.577615 0.971875 0.577615 0.971875 0.65523 0.978125 0.65523 0.979687 0.658002 0.979687 0.660774 0.98125 0.663546 0.98125 0.666318 0.982812 0.66909 0.982812 0.680178 0.99375 0.680178 0.99375 0.66909 0.995312 0.666318 0.998437 0.666318 0.998437 0.560983 0.707882 175
2 0.6125 0.505544 0.6125 0.516632 0.610938 0.519404 0.609375 0.519404 0.607812 0.522176 0.60625 0.522176 0.595312 0.541579 0.590625 0.541579 0.590625 0.605335 0.598437 0.605335 0.6 0.608107 0.601562 0.608107 0.603125 0.610879 0.60625 0.610879 0.607812 0.613651 0.609375 0.613651 0.610938 0.616423 0.6125 0.616423 0.614062 0.619195 0.617188 0.619195 0.61875 0.621967 0.621875 0.621967 0.623437 0.624739 0.625 0.624739 0.626563 0.62751 0.628125 0.62751 0.63125 0.633054 0.634375 0.633054 0.635937 0.635826 0.640625 0.635826 0.642188 0.633054 0.646875 0.633054 0.648438 0.630282 0.65 0.630282 0.651562 0.62751 0.653125 0.62751 0.654687 0.624739 0.657813 0.624739 0.659375 0.621967 0.703125 0.621967 0.704688 0.624739 0.721875 0.624739 0.723437 0.62751 0.734375 0.62751 0.735938 0.630282 0.740625 0.630282 0.742188 0.633054 0.75 0.633054 0.751563 0.635826 0.753125 0.633054 0.754687 0.633054 0.75625 0.630282 0.757812 0.630282 0.759375 0.62751 0.760937 0.62751 0.7625 0.624739 0.764062 0.624739 0.765625 0.621967 0.770312 0.621967 0.775 0.613651 0.775 0.610879 0.776562 0.608107 0.776562 0.605335 0.778125 0.602563 0.782813 0.602563 0.782813 0.594247 0.778125 0.594247 0.776562 0.591475 0.776562 0.588703 0.775 0.585931 0.775 0.577615 0.771875 0.572071 0.771875 0.569299 0.770312 0.569299 0.76875 0.566527 0.767188 0.566527 0.765625 0.563755 0.7625 0.563755 0.760937 0.560983 0.759375 0.560983 0.757812 0.558211 0.753125 0.558211 0.751563 0.555439 0.746875 0.555439 0.745312 0.552667 0.742188 0.552667 0.740625 0.549895 0.7375 0.549895 0.735938 0.547123 0.732812 0.547123 0.73125 0.544352 0.728125 0.544352 0.726562 0.541579 0.725 0.541579 0.720313 0.533264 0.71875 0.533264 0.715625 0.52772 0.714062 0.52772 0.7125 0.524948 0.710938 0.524948 0.709375 0.522176 0.707812 0.522176 0.703125 0.51386 0.703125 0.505544 0.907278 240
2 0.578125 0.47228 0.578125 0.508316 0.604687 0.508316 0.60625 0.511088 0.610938 0.511088 0.6125 0.508316 0.620312 0.508316 0.620312 0.48614 0.615625 0.48614 0.614062 0.483368 0.614062 0.47228 0.752896 1
2 0.534375 0.47228 0.534375 0.51386 0.564062 0.51386 0.564062 0.491684 0.5625 0.488912 0.5625 0.47228 0.66721 3
2 0.490625 0.450105 0.490625 0.502772 0.520312 0.502772 0.520312 0.47228 0.515625 0.47228 0.5125 0.466736 0.5125 0.461192 0.510938 0.458421 0.510938 0.450105 0.641942 380
2 0.396875 0.461192 0.396875 0.47228 0.395313 0.475052 0.390625 0.475052 0.390625 0.522176 0.395313 0.522176 0.396875 0.519404 0.403125 0.519404 0.404687 0.516632 0.423437 0.516632 0.425 0.519404 0.428125 0.519404 0.429688 0.516632 0.432812 0.516632 0.434375 0.51386 0.434375 0.511088 0.435937 0.508316 0.435937 0.48614 0.434375 0.483368 0.434375 0.480596 0.428125 0.469508 0.428125 0.461192 0.696078 12
5 0.298438 0.405753 0.298438 0.414069 0.296875 0.416841 0.295312 0.416841 0.29375 0.419613 0.289062 0.419613 0.284375 0.427929 0.278125 0.427929 0.278125 0.511088 0.282813 0.511088 0.289062 0.522176 0.290625 0.522176 0.29375 0.52772 0.29375 0.536036 0.34375 0.536036 0.34375 0.52772 0.345312 0.524948 0.346875 0.524948 0.348438 0.522176 0.351562 0.522176 0.353125 0.519404 0.354687 0.519404 0.35625 0.516632 0.357812 0.516632 0.359375 0.51386 0.3625 0.51386 0.364063 0.511088 0.370312 0.511088 0.371875 0.508316 0.375 0.508316 0.376562 0.505544 0.378125 0.505544 0.38125 0.5 0.38125 0.494456 0.382812 0.491684 0.382812 0.488912 0.384375 0.48614 0.389062 0.48614 0.389062 0.444561 0.384375 0.444561 0.382812 0.441789 0.382812 0.436245 0.38125 0.433473 0.38125 0.425157 0.379688 0.422385 0.379688 0.419613 0.378125 0.416841 0.378125 0.405753 0.917087 397
2 0.428125 0.450105 0.428125 0.475052 0.434375 0.475052 0.4375 0.480596 0.4375 0.491684 0.457813 0.491684 0.457813 0.450105 0.605916 425
0 0.496875 0.560983 0.496875 0.572071 0.498437 0.574843 0.498437 0.588703 0.5 0.591475 0.5 0.594247 0.498437 0.597019 0.498437 0.605335 0.496875 0.608107 0.490625 0.608107 0.490625 0.7966 0.495312 0.7966 0.498437 0.802144 0.498437 0.81046 0.5 0.813232 0.498437 0.816004 0.498437 0.818776 0.495312 0.82432 0.490625 0.82432 0.490625 0.827092 0.496875 0.827092 0.498437 0.829864 0.5 0.829864 0.501562 0.832636 0.515625 0.832636 0.51875 0.827092 0.51875 0.821548 0.520312 0.818776 0.520312 0.807688 0.521875 0.804916 0.521875 0.724529 0.523438 0.721757 0.523438 0.713441 0.525 0.710669 0.525 0.707897 0.528125 0.702354 0.532812 0.702354 0.532812 0.66909 0.528125 0.66909 0.526563 0.666318 0.526563 0.660774 0.525 0.658002 0.526563 0.65523 0.526563 0.638598 0.528125 0.635826 0.532812 0.635826 0.532812 0.613651 0.528125 0.613651 0.525 0.608107 0.525 0.605335 0.51875 0.594247 0.51875 0.591475 0.517187 0.588703 0.517187 0.585931 0.515625 0.583159 0.515625 0.560983 0.874497 188
0 0.728125 0.461192 0.728125 0.524948 0.732812 0.524948 0.735938 0.519404 0.735938 0.51386 0.7375 0.511088 0.7375 0.494456 0.739062 0.491684 0.739062 0.477824 0.7375 0.475052 0.7375 0.461192 0.550072 447
2 0.179688 0.538808 0.179688 0.547123 0.176562 0.552667 0.173437 0.552667 0.171875 0.555439 0.170313 0.555439 0.167187 0.560983 0.165625 0.560983 0.1625 0.566527 0.160937 0.566527 0.159375 0.569299 0.157812 0.569299 0.15625 0.572071 0.154688 0.572071 0.153125 0.574843 0.15 0.574843 0.148438 0.577615 0.145313 0.577615 0.14375 0.580387 0.142187 0.580387 0.140625 0.583159 0.134375 0.583159 0.134375 0.649686 0.142187 0.649686 0.14375 0.652458 0.145313 0.652458 0.146875 0.65523 0.148438 0.65523 0.151562 0.660774 0.153125 0.660774 0.159375 0.671862 0.160937 0.671862 0.1625 0.674634 0.164062 0.674634 0.165625 0.677406 0.171875 0.677406 0.173437 0.674634 0.176562 0.674634 0.178125 0.671862 0.179688 0.671862 0.18125 0.66909 0.185938 0.66909 0.1875 0.666318 0.204687 0.666318 0.20625 0.66909 0.228125 0.66909 0.229687 0.671862 0.257812 0.671862 0.259375 0.674634 0.265625 0.674634 0.267188 0.677406 0.271875 0.677406 0.273438 0.680178 0.275 0.680178 0.276562 0.68295 0.278125 0.68295 0.279687 0.685722 0.282813 0.685722 0.284375 0.688494 0.296875 0.688494 0.298438 0.685722 0.301562 0.685722 0.303125 0.68295 0.304688 0.68295 0.30625 0.680178 0.307812 0.680178 0.309375 0.677406 0.314062 0.677406 0.315625 0.674634 0.321875 0.674634 0.323437 0.671862 0.332813 0.671862 0.334375 0.66909 0.339062 0.66909 0.342187 0.663546 0.34375 0.663546 0.34375 0.660774 0.348438 0.652458 0.348438 0.646914 0.35 0.644142 0.35 0.624739 0.348438 0.621967 0.348438 0.613651 0.335938 0.591475 0.334375 0.591475 0.332813 0.588703 0.329687 0.588703 0.328125 0.585931 0.326562 0.585931 0.325 0.583159 0.320312 0.583159 0.31875 0.580387 0.3125 0.580387 0.310937 0.577615 0.303125 0.577615 0.301562 0.574843 0.296875 0.574843 0.295312 0.572071 0.290625 0.572071 0.289062 0.569299 0.2875 0.569299 0.285937 0.566527 0.284375 0.566527 0.282813 0.563755 0.28125 0.563755 0.279687 0.560983 0.278125 0.560983 0.276562 0.558211 0.275 0.558211 0.273438 0.555439 0.271875 0.555439 0.270312 0.552667 0.26875 0.552667 0.267188 0.549895 0.265625 0.549895 0.264062 0.547123 0.264062 0.538808 0.924408 449
9 0.328125 0.305962 0.328125 0.35863 0.332813 0.35863 0.332813 0.350314 0.3375 0.341998 0.3375 0.339226 0.339062 0.336454 0.339062 0.33091 0.340625 0.328138 0.345312 0.328138 0.345312 0.305962 0.368409 122
0 0.204687 0.694038 0.204687 0.702354 0.203125 0.705126 0.203125 0.707897 0.201563 0.710669 0.201563 0.713441 0.2 0.716213 0.2 0.746705 0.201563 0.749477 0.201563 0.755021 0.203125 0.757793 0.203125 0.763337 0.204687 0.766109 0.204687 0.771653 0.20625 0.774425 0.20625 0.777197 0.207812 0.779969 0.207812 0.791056 0.20625 0.793828 0.20625 0.7966 0.204687 0.799372 0.204687 0.802144 0.201563 0.807688 0.201563 0.81046 0.198437 0.816004 0.198437 0.818776 0.195312 0.82432 0.195312 0.827092 0.19375 0.829864 0.19375 0.832636 0.192187 0.835408 0.192187 0.83818 0.189062 0.843724 0.184375 0.843724 0.184375 1 0.289062 1 0.289062 0.982322 0.284375 0.982322 0.28125 0.976778 0.28125 0.974006 0.279687 0.971234 0.279687 0.96569 0.278125 0.962918 0.278125 0.957374 0.276562 0.954602 0.276562 0.951831 0.275 0.949059 0.275 0.940743 0.273438 0.937971 0.273438 0.915795 0.271875 0.913023 0.271875 0.901935 0.270312 0.899163 0.270312 0.893619 0.267188 0.888075 0.267188 0.882531 0.265625 0.879759 0.265625 0.876987 0.264062 0.874215 0.264062 0.871444 0.2625 0.868671 0.2625 0.8659 0.260937 0.863128 0.260937 0.857584 0.259375 0.854812 0.259375 0.843724 0.257812 0.840952 0.257812 0.832636 0.25625 0.829864 0.25625 0.827092 0.253125 0.821548 0.253125 0.818776 0.251563 0.818776 0.25 0.816004 0.25 0.813232 0.248438 0.81046 0.248438 0.802144 0.25 0.799372 0.25 0.793828 0.251563 0.791056 0.251563 0.785513 0.253125 0.782741 0.253125 0.727301 0.251563 0.724529 0.251563 0.713441 0.25 0.710669 0.25 0.694038 0.863177 455
2 0.01875 0.505544 0.01875 0.51386 0.015625 0.519404 0.009375 0.519404 0.009375 0.536036 0.0140625 0.536036 0.015625 0.538808 0.01875 0.538808 0.0203125 0.541579 0.021875 0.541579 0.028125 0.552667 0.0328125 0.552667 0.034375 0.555439 0.04375 0.555439 0.0453125 0.558211 0.046875 0.555439 0.05 0.555439 0.0515625 0.552667 0.0625 0.552667 0.0640625 0.555439 0.065625 0.555439 0.0671875 0.552667 0.071875 0.552667 0.075 0.547123 0.075 0.536036 0.0734375 0.533264 0.0734375 0.530492 0.06875 0.522176 0.0671875 0.522176 0.065625 0.519404 0.0640625 0.519404 0.0609375 0.51386 0.0609375 0.505544 0.721769 472
0 0.146875 0.47228 0.146875 0.547123 0.159375 0.547123 0.159375 0.533264 0.160937 0.530492 0.160937 0.508316 0.1625 0.505544 0.1625 0.5 0.160937 0.497228 0.160937 0.47228 0.48808 473
0 0.0921875 0.605335 0.0921875 0.613651 0.090625 0.616423 0.090625 0.646914 0.084375 0.658002 0.078125 0.658002 0.078125 0.741161 0.0828125 0.741161 0.084375 0.743933 0.084375 0.749477 0.0859375 0.752249 0.0859375 0.771653 0.0875 0.774425 0.0875 0.782741 0.0890625 0.785513 0.0890625 0.791056 0.090625 0.793828 0.090625 0.7966 0.0921875 0.799372 0.0921875 0.807688 0.09375 0.81046 0.09375 0.821548 0.0953125 0.82432 0.0953125 0.832636 0.096875 0.835408 0.096875 0.843724 0.0984375 0.846496 0.0984375 0.863128 0.1 0.8659 0.1 0.876987 0.101562 0.879759 0.101562 0.890847 0.103125 0.893619 0.103125 0.899163 0.104688 0.901935 0.104688 0.910251 0.10625 0.913023 0.10625 0.915795 0.107812 0.918567 0.107812 0.924111 0.109375 0.926883 0.109375 0.929655 0.110937 0.932427 0.110937 0.937971 0.1125 0.940743 0.1125 0.943515 0.114062 0.946287 0.120313 0.946287 0.125 0.954602 0.125 0.957374 0.126562 0.960146 0.126562 0.968462 0.13125 0.968462 0.13125 0.960146 0.132812 0.957374 0.135937 0.957374 0.1375 0.954602 0.142187 0.954602 0.14375 0.951831 0.146875 0.951831 0.15 0.946287 0.148438 0.943515 0.148438 0.940743 0.146875 0.937971 0.145313 0.937971 0.1375 0.924111 0.1375 0.918567 0.135937 0.915795 0.135937 0.907479 0.134375 0.904707 0.134375 0.901935 0.132812 0.899163 0.132812 0.896391 0.126562 0.885303 0.126562 0.882531 0.125 0.879759 0.125 0.876987 0.123437 0.874215 0.123437 0.868671 0.121875 0.8659 0.121875 0.843724 0.123437 0.840952 0.123437 0.835408 0.125 0.832636 0.125 0.829864 0.126562 0.827092 0.126562 0.821548 0.128125 0.818776 0.128125 0.816004 0.13125 0.81046 0.13125 0.804916 0.132812 0.802144 0.132812 0.793828 0.13125 0.791056 0.13125 0.782741 0.129688 0.779969 0.129688 0.774425 0.128125 0.771653 0.128125 0.766109 0.126562 0.763337 0.126562 0.755021 0.125 0.752249 0.125 0.741161 0.123437 0.738389 0.123437 0.721757 0.121875 0.718985 0.121875 0.707897 0.120313 0.705126 0.120313 0.699582 0.11875 0.69681 0.11875 0.688494 0.117188 0.685722 0.117188 0.68295 0.115625 0.680178 0.115625 0.677406 0.114062 0.674634 0.114062 0.671862 0.1125 0.66909 0.1125 0.660774 0.114062 0.658002 0.114062 0.65523 0.115625 0.652458 0.115625 0.646914 0.117188 0.644142 0.117188 0.638598 0.115625 0.635826 0.115625 0.630282 0.114062 0.62751 0.114062 0.621967 0.1125 0.619195 0.1125 0.605335 0.814747 4
2 0.003125 0.52772 0.003125 0.602563 0.01875 0.602563 0.01875 0.594247 0.021875 0.588703 0.0234375 0.588703 0.028125 0.580387 0.0328125 0.580387 0.0328125 0.555439 0.028125 0.555439 0.021875 0.544352 0.0203125 0.544352 0.01875 0.541579 0.0171875 0.541579 0.015625 0.538808 0.015625 0.52772 0.77999 487
0 0.740625 0.47228 0.740625 0.536036 0.757812 0.536036 0.757812 0.47228 0.358533 431
0 0.995312 0.649686 0.995312 0.658002 0.99375 0.660774 0.99375 0.666318 0.992188 0.66909 0.992188 0.674634 0.990625 0.677406 0.990625 0.68295 0.989062 0.685722 0.989062 0.705126 0.9875 0.707897 0.9875 0.727301 0.985938 0.730073 0.985938 0.741161 0.984375 0.743933 0.984375 0.752249 0.982812 0.755021 0.982812 0.766109 0.98125 0.768881 0.98125 0.779969 0.979687 0.782741 0.979687 0.793828 0.978125 0.7966 0.978125 0.804916 0.976562 0.807688 0.976562 0.813232 0.975 0.816004 0.975 0.82432 0.973437 0.827092 0.973437 0.832636 0.971875 0.835408 0.971875 0.840952 0.970313 0.843724 0.970313 0.846496 0.965625 0.854812 0.965625 0.857584 0.959375 0.868671 0.959375 0.871444 0.95625 0.876987 0.95625 0.879759 0.951562 0.888075 0.946875 0.888075 0.946875 0.940743 0.957812 0.940743 0.959375 0.943515 0.960938 0.943515 0.9625 0.946287 0.964062 0.946287 0.965625 0.949059 0.965625 0.957374 0.98125 0.957374 0.98125 0.949059 0.984375 0.943515 0.989062 0.943515 0.990625 0.940743 0.995312 0.940743 0.996875 0.937971 0.998437 0.937971 0.998437 0.649686 0.441956 405
9 0.003125 0.217259 0.003125 0.300418 0.0109375 0.300418 0.015625 0.292103 0.015625 0.289331 0.0171875 0.286559 0.0171875 0.264383 0.01875 0.261611 0.01875 0.217259 0.270704 15
2 0.559375 0.461192 0.559375 0.491684 0.578125 0.491684 0.578125 0.480596 0.582812 0.47228 0.589063 0.47228 0.589063 0.461192 0.345271 14
0 0.840625 0.483368 0.840625 0.544352 0.845313 0.544352 0.846875 0.541579 0.846875 0.538808 0.848437 0.536036 0.848437 0.524948 0.85 0.522176 0.85 0.516632 0.851562 0.51386 0.851562 0.502772 0.85 0.5 0.85 0.483368 0.415262 480
