9 0.003125 0.217259 0.003125 0.300418 0.009375 0.300418 0.0109375 0.297646 0.0140625 0.297646 0.015625 0.294874 0.015625 0.289331 0.0171875 0.286559 0.0171875 0.264383 0.01875 0.261611 0.01875 0.217259 0.311618 15
2 0.925 0.538808 0.925 0.552667 0.907813 0.583159 0.903125 0.583159 0.903125 0.65523 0.909375 0.65523 0.910937 0.658002 0.910937 0.660774 0.923438 0.68295 0.925 0.68295 0.926562 0.685722 0.928125 0.685722 0.929688 0.688494 0.932812 0.688494 0.934375 0.691266 0.94375 0.691266 0.945312 0.694038 0.946875 0.694038 0.948437 0.69681 0.951562 0.69681 0.953125 0.699582 0.95625 0.699582 0.957812 0.702354 0.959375 0.702354 0.960938 0.705126 0.960938 0.713441 0.98125 0.713441 0.98125 0.702354 0.984375 0.69681 0.984375 0.694038 0.985938 0.691266 0.985938 0.685722 0.9875 0.68295 0.9875 0.674634 0.989062 0.671862 0.989062 0.666318 0.990625 0.663546 0.990625 0.658002 0.992188 0.65523 0.992188 0.646914 0.99375 0.644142 0.99375 0.64137 0.996875 0.635826 0.998437 0.635826 0.998437 0.538808 0.880594 175
2 0.498437 0.505544 0.498437 0.516632 0.496875 0.519404 0.495312 0.519404 0.492188 0.524948 0.492188 0.52772 0.490625 0.530492 0.484375 0.530492 0.484375 0.602563 0.490625 0.602563 0.492188 0.605335 0.501562 0.605335 0.503125 0.602563 0.503125 0.599791 0.507812 0.591475 0.507812 0.588703 0.515625 0.574843 0.51875 0.574843 0.520312 0.572071 0.53125 0.591475 0.53125 0.594247 0.534375 0.599791 0.534375 0.602563 0.535937 0.605335 0.535937 0.610879 0.5375 0.613651 0.5375 0.621967 0.539062 0.624739 0.539062 0.62751 0.54375 0.62751 0.545312 0.624739 0.554688 0.624739 0.55625 0.621967 0.615625 0.621967 0.617188 0.624739 0.625 0.624739 0.626563 0.62751 0.632812 0.62751 0.634375 0.630282 0.6375 0.630282 0.639062 0.633054 0.642188 0.633054 0.645312 0.638598 0.645312 0.646914 0.651562 0.646914 0.651562 0.638598 0.654687 0.633054 0.65625 0.633054 0.657813 0.630282 0.659375 0.630282 0.660937 0.62751 0.6625 0.62751 0.664062 0.624739 0.665625 0.624739 0.667187 0.621967 0.670312 0.621967 0.671875 0.619195 0.673438 0.619195 0.675 0.616423 0.682812 0.616423 0.682812 0.569299 0.676562 0.569299 0.673438 0.563755 0.673438 0.560983 0.671875 0.560983 0.670312 0.558211 0.66875 0.558211 0.667187 0.555439 0.665625 0.555439 0.664062 0.552667 0.6625 0.552667 0.660937 0.549895 0.659375 0.549895 0.657813 0.547123 0.653125 0.547123 0.651562 0.544352 0.648438 0.544352 0.646875 0.541579 0.64375 0.541579 0.642188 0.538808 0.639062 0.538808 0.6375 0.536036 0.63125 0.536036 0.629687 0.533264 0.625 0.533264 0.623437 0.530492 0.61875 0.530492 0.617188 0.52772 0.615625 0.52772 0.6125 0.522176 0.609375 0.522176 0.607812 0.519404 0.604687 0.519404 0.603125 0.516632 0.601562 0.516632 0.6 0.51386 0.6 0.505544 0.888716 240
9 0.634375 0.31705 0.634375 0.35863 0.645312 0.35863 0.645312 0.347542 0.646875 0.34477 0.651562 0.34477 0.651562 0.31705 0.58734 13
2 0.584375 0.47228 0.584375 0.508316 0.59375 0.508316 0.595312 0.511088 0.601562 0.511088 0.603125 0.51386 0.610938 0.51386 0.6125 0.511088 0.620312 0.511088 0.620312 0.47228 0.76727 1
9 0.953125 0.0287657 0.953125 0.186768 0.957812 0.186768 0.959375 0.18954 0.959375 0.192312 0.9625 0.197856 0.9625 0.200628 0.964062 0.200628 0.967187 0.206172 0.970313 0.206172 0.971875 0.208944 0.973437 0.208944 0.975 0.211715 0.979687 0.211715 0.98125 0.214487 0.990625 0.214487 0.992188 0.211715 0.995312 0.211715 0.996875 0.208944 0.998437 0.208944 0.998437 0.0287657 0.295546 19
2 0.565625 0.461192 0.565625 0.491684 0.579687 0.491684 0.579687 0.480596 0.582812 0.475052 0.589063 0.475052 0.589063 0.461192 0.323284 14
2 0.534375 0.461192 0.534375 0.497228 0.559375 0.497228 0.560937 0.494456 0.5625 0.494456 0.564062 0.491684 0.570312 0.491684 0.570312 0.47228 0.565625 0.47228 0.564062 0.469508 0.564062 0.461192 0.431783 3
2 0.490625 0.450105 0.490625 0.502772 0.520312 0.502772 0.520312 0.469508 0.515625 0.469508 0.514062 0.466736 0.514062 0.463964 0.5125 0.461192 0.5125 0.450105 0.641637 380
2 0.396875 0.461192 0.396875 0.524948 0.434375 0.524948 0.434375 0.51386 0.439062 0.505544 0.445312 0.505544 0.445312 0.48614 0.440625 0.48614 0.435937 0.477824 0.435937 0.475052 0.434375 0.47228 0.434375 0.461192 0.634557 12
5 0.30625 0.405753 0.30625 0.414069 0.304688 0.416841 0.303125 0.416841 0.301562 0.419613 0.296875 0.419613 0.295312 0.422385 0.292187 0.422385 0.290625 0.425157 0.284375 0.425157 0.284375 0.511088 0.289062 0.511088 0.292187 0.516632 0.29375 0.516632 0.295312 0.519404 0.296875 0.519404 0.298438 0.522176 0.3 0.522176 0.303125 0.52772 0.303125 0.536036 0.334375 0.536036 0.334375 0.52772 0.335938 0.524948 0.346875 0.524948 0.348438 0.522176 0.351562 0.522176 0.353125 0.519404 0.35625 0.519404 0.357812 0.516632 0.359375 0.516632 0.360937 0.51386 0.364063 0.51386 0.365625 0.511088 0.36875 0.511088 0.370312 0.508316 0.375 0.508316 0.376562 0.505544 0.379688 0.505544 0.382812 0.5 0.389062 0.5 0.389062 0.425157 0.384375 0.425157 0.382812 0.422385 0.382812 0.419613 0.38125 0.416841 0.38125 0.405753 0.909414 397
2 0.434375 0.450105 0.434375 0.480596 0.439062 0.480596 0.440625 0.483368 0.440625 0.491684 0.454687 0.491684 0.454687 0.477824 0.45625 0.475052 0.45625 0.450105 0.590608 425
0 0.509375 0.560983 0.509375 0.572071 0.510938 0.574843 0.510938 0.580387 0.509375 0.583159 0.509375 0.585931 0.507812 0.588703 0.507812 0.594247 0.50625 0.597019 0.50625 0.599791 0.504687 0.602563 0.504687 0.605335 0.503125 0.608107 0.503125 0.610879 0.501562 0.613651 0.501562 0.616423 0.5 0.619195 0.5 0.624739 0.498437 0.62751 0.498437 0.633054 0.496875 0.635826 0.496875 0.646914 0.495312 0.649686 0.495312 0.65523 0.49375 0.658002 0.49375 0.663546 0.492188 0.666318 0.492188 0.66909 0.482812 0.685722 0.478125 0.685722 0.478125 0.710669 0.482812 0.710669 0.484375 0.707897 0.4875 0.707897 0.489063 0.705126 0.490625 0.705126 0.498437 0.718985 0.498437 0.721757 0.5 0.724529 0.5 0.743933 0.501562 0.746705 0.501562 0.757793 0.503125 0.760565 0.503125 0.774425 0.504687 0.777197 0.504687 0.802144 0.503125 0.804916 0.503125 0.807688 0.498437 0.816004 0.498437 0.818776 0.495312 0.82432 0.495312 0.827092 0.496875 0.827092 0.498437 0.829864 0.5 0.829864 0.501562 0.832636 0.507812 0.832636 0.509375 0.835408 0.515625 0.835408 0.520312 0.827092 0.520312 0.816004 0.521875 0.813232 0.521875 0.788284 0.523438 0.785513 0.523438 0.752249 0.525 0.749477 0.525 0.721757 0.526563 0.718985 0.526563 0.716213 0.53125 0.707897 0.532812 0.707897 0.534375 0.705126 0.535937 0.705126 0.5375 0.702354 0.5375 0.691266 0.535937 0.688494 0.535937 0.68295 0.534375 0.680178 0.534375 0.674634 0.532812 0.671862 0.532812 0.666318 0.53125 0.663546 0.53125 0.635826 0.532812 0.633054 0.532812 0.62751 0.534375 0.624739 0.534375 0.602563 0.532812 0.599791 0.532812 0.597019 0.53125 0.594247 0.53125 0.591475 0.529687 0.588703 0.529687 0.585931 0.528125 0.583159 0.528125 0.560983 0.862479 188
0 0.728125 0.461192 0.728125 0.519404 0.732812 0.519404 0.734375 0.516632 0.734375 0.51386 0.735938 0.511088 0.735938 0.494456 0.7375 0.491684 0.735938 0.488912 0.735938 0.461192 0.326028 447
2 0.0703125 0.538808 0.0703125 0.547123 0.06875 0.549895 0.0671875 0.549895 0.065625 0.552667 0.0625 0.552667 0.0609375 0.555439 0.059375 0.555439 0.0578125 0.558211 0.05625 0.558211 0.0546875 0.560983 0.053125 0.560983 0.0515625 0.563755 0.05 0.563755 0.0484375 0.566527 0.046875 0.566527 0.0421875 0.574843 0.034375 0.574843 0.034375 0.644142 0.040625 0.644142 0.0421875 0.646914 0.04375 0.646914 0.053125 0.663546 0.0578125 0.663546 0.059375 0.666318 0.0609375 0.663546 0.0671875 0.663546 0.06875 0.660774 0.0703125 0.660774 0.071875 0.658002 0.075 0.658002 0.0765625 0.65523 0.084375 0.65523 0.0859375 0.652458 0.0875 0.652458 0.0890625 0.649686 0.101562 0.649686 0.103125 0.646914 0.104688 0.646914 0.103125 0.644142 0.103125 0.638598 0.1 0.633054 0.096875 0.633054 0.0953125 0.630282 0.0953125 0.621967 0.1 0.613651 0.103125 0.613651 0.10625 0.619195 0.107812 0.619195 0.1125 0.62751 0.1125 0.644142 0.110937 0.646914 0.110937 0.649686 0.1125 0.649686 0.114062 0.652458 0.115625 0.652458 0.117188 0.65523 0.11875 0.65523 0.120313 0.658002 0.126562 0.658002 0.128125 0.660774 0.129688 0.660774 0.132812 0.666318 0.134375 0.666318 0.1375 0.671862 0.1375 0.680178 0.1625 0.680178 0.1625 0.671862 0.165625 0.666318 0.167187 0.666318 0.16875 0.663546 0.173437 0.663546 0.175 0.660774 0.179688 0.660774 0.18125 0.658002 0.185938 0.658002 0.1875 0.65523 0.19375 0.65523 0.195312 0.652458 0.2 0.652458 0.203125 0.646914 0.204687 0.646914 0.210938 0.635826 0.210938 0.630282 0.2125 0.62751 0.2125 0.616423 0.210938 0.613651 0.210938 0.610879 0.209375 0.608107 0.209375 0.605335 0.204687 0.597019 0.204687 0.594247 0.203125 0.591475 0.201563 0.591475 0.196875 0.583159 0.195312 0.583159 0.19375 0.580387 0.190625 0.580387 0.189062 0.577615 0.185938 0.577615 0.184375 0.574843 0.173437 0.574843 0.171875 0.572071 0.165625 0.572071 0.164062 0.569299 0.1625 0.569299 0.160937 0.566527 0.159375 0.566527 0.15625 0.560983 0.154688 0.560983 0.151562 0.555439 0.15 0.555439 0.148438 0.552667 0.146875 0.552667 0.14375 0.547123 0.14375 0.538808 0.91791 449
9 0.328125 0.305962 0.328125 0.347542 0.334375 0.347542 0.3375 0.341998 0.3375 0.339226 0.339062 0.336454 0.339062 0.33091 0.340625 0.328138 0.345312 0.328138 0.345312 0.305962 0.371263 122
0 0.084375 0.649686 0.084375 0.658002 0.08125 0.663546 0.08125 0.666318 0.0765625 0.674634 0.0765625 0.677406 0.075 0.680178 0.075 0.68295 0.0734375 0.685722 0.0734375 0.688494 0.071875 0.691266 0.071875 0.69681 0.0703125 0.699582 0.0703125 0.727301 0.071875 0.730073 0.071875 0.732845 0.0734375 0.735617 0.0734375 0.755021 0.075 0.757793 0.075 0.768881 0.0703125 0.777197 0.0703125 0.779969 0.06875 0.782741 0.06875 0.785513 0.065625 0.791056 0.065625 0.793828 0.0640625 0.7966 0.0640625 0.799372 0.0625 0.802144 0.0625 0.804916 0.0609375 0.807688 0.0609375 0.81046 0.0578125 0.816004 0.053125 0.816004 0.053125 0.985094 0.0578125 0.985094 0.0609375 0.990638 0.0609375 1 0.129688 1 0.129688 0.99341 0.13125 0.990638 0.13125 0.987866 0.134375 0.982322 0.134375 0.976778 0.135937 0.974006 0.135937 0.971234 0.1375 0.968462 0.1375 0.946287 0.140625 0.940743 0.146875 0.940743 0.15 0.946287 0.157812 0.946287 0.167187 0.962918 0.167187 0.96569 0.171875 0.974006 0.173437 0.974006 0.175 0.976778 0.179688 0.976778 0.18125 0.974006 0.18125 0.954602 0.179688 0.951831 0.179688 0.949059 0.178125 0.946287 0.178125 0.943515 0.176562 0.943515 0.173437 0.937971 0.173437 0.935199 0.16875 0.926883 0.16875 0.924111 0.167187 0.921339 0.167187 0.915795 0.164062 0.910251 0.164062 0.907479 0.1625 0.904707 0.1625 0.901935 0.160937 0.899163 0.160937 0.896391 0.159375 0.893619 0.159375 0.890847 0.15625 0.885303 0.15625 0.882531 0.153125 0.876987 0.153125 0.874215 0.151562 0.871444 0.151562 0.868671 0.15 0.8659 0.15 0.863128 0.148438 0.860356 0.148438 0.85204 0.146875 0.849268 0.146875 0.829864 0.145313 0.827092 0.145313 0.821548 0.14375 0.821548 0.142187 0.818776 0.142187 0.816004 0.140625 0.816004 0.134375 0.804916 0.134375 0.802144 0.132812 0.799372 0.132812 0.7966 0.13125 0.793828 0.13125 0.791056 0.129688 0.788284 0.129688 0.785513 0.128125 0.782741 0.128125 0.777197 0.126562 0.774425 0.126562 0.771653 0.125 0.768881 0.125 0.752249 0.123437 0.749477 0.123437 0.735617 0.121875 0.732845 0.121875 0.716213 0.120313 0.713441 0.120313 0.705126 0.11875 0.702354 0.11875 0.694038 0.117188 0.691266 0.117188 0.685722 0.115625 0.68295 0.115625 0.680178 0.114062 0.677406 0.114062 0.674634 0.107812 0.663546 0.10625 0.663546 0.103125 0.658002 0.103125 0.649686 0.863026 455
0 0.992188 0.616423 0.992188 0.660774 0.990625 0.663546 0.990625 0.680178 0.989062 0.68295 0.989062 0.69681 0.9875 0.699582 0.9875 0.724529 0.985938 0.727301 0.985938 0.741161 0.984375 0.743933 0.984375 0.752249 0.982812 0.755021 0.982812 0.766109 0.98125 0.768881 0.98125 0.779969 0.979687 0.782741 0.979687 0.793828 0.978125 0.7966 0.978125 0.804916 0.976562 0.807688 0.976562 0.816004 0.975 0.818776 0.975 0.82432 0.973437 0.827092 0.973437 0.832636 0.971875 0.835408 0.971875 0.840952 0.970313 0.843724 0.970313 0.846496 0.967187 0.85204 0.967187 0.854812 0.960938 0.8659 0.960938 0.868671 0.95625 0.876987 0.95625 0.879759 0.951562 0.888075 0.946875 0.888075 0.946875 0.946287 0.951562 0.946287 0.953125 0.943515 0.960938 0.943515 0.9625 0.946287 0.964062 0.946287 0.965625 0.949059 0.965625 0.957374 0.979687 0.957374 0.979687 0.949059 0.982812 0.943515 0.9875 0.943515 0.989062 0.940743 0.998437 0.940743 0.998437 0.616423 0.279589 405
2 0.01875 0.505544 0.01875 0.51386 0.015625 0.519404 0.009375 0.519404 0.009375 0.555439 0.04375 0.555439 0.0453125 0.558211 0.046875 0.555439 0.05 0.555439 0.0515625 0.552667 0.0546875 0.552667 0.05625 0.549895 0.0625 0.549895 0.0640625 0.547123 0.0671875 0.547123 0.0703125 0.541579 0.0765625 0.541579 0.0765625 0.524948 0.0703125 0.524948 0.06875 0.522176 0.0671875 0.522176 0.065625 0.519404 0.0640625 0.519404 0.0609375 0.51386 0.0609375 0.505544 0.59435 472
0 0.140625 0.47228 0.140625 0.547123 0.151562 0.547123 0.151562 0.538808 0.153125 0.536036 0.153125 0.530492 0.154688 0.52772 0.154688 0.519404 0.153125 0.516632 0.154688 0.51386 0.154688 0.491684 0.153125 0.488912 0.153125 0.47228 0.417301 473
0 0.853125 0.483368 0.853125 0.547123 0.859375 0.547123 0.859375 0.533264 0.860938 0.530492 0.860938 0.483368 0.365278 480
