9 0.003125 0.217259 0.003125 0.300418 0.0109375 0.300418 0.0125 0.297646 0.0140625 0.297646 0.015625 0.294874 0.015625 0.289331 0.0171875 0.286559 0.0171875 0.267155 0.01875 0.264383 0.01875 0.217259 0.316195 15
2 0.929688 0.549895 0.929688 0.558211 0.917187 0.580387 0.917187 0.583159 0.914062 0.588703 0.909375 0.588703 0.909375 0.652458 0.914062 0.652458 0.923438 0.66909 0.923438 0.671862 0.928125 0.680178 0.929688 0.680178 0.93125 0.68295 0.934375 0.68295 0.935937 0.685722 0.94375 0.685722 0.945312 0.688494 0.95625 0.688494 0.957812 0.691266 0.959375 0.691266 0.960938 0.694038 0.964062 0.694038 0.967187 0.699582 0.96875 0.699582 0.971875 0.705126 0.971875 0.713441 0.982812 0.713441 0.982812 0.702354 0.985938 0.69681 0.985938 0.694038 0.9875 0.691266 0.9875 0.685722 0.989062 0.68295 0.989062 0.677406 0.990625 0.674634 0.990625 0.666318 0.992188 0.663546 0.992188 0.65523 0.99375 0.652458 0.99375 0.644142 0.995312 0.64137 0.995312 0.638598 0.996875 0.635826 0.998437 0.635826 0.998437 0.549895 0.889936 175
2 0.507812 0.505544 0.507812 0.516632 0.50625 0.519404 0.50625 0.522176 0.501562 0.530492 0.501562 0.533264 0.5 0.536036 0.5 0.538808 0.495312 0.547123 0.490625 0.547123 0.490625 0.599791 0.498437 0.599791 0.5 0.602563 0.503125 0.602563 0.503125 0.599791 0.504687 0.597019 0.504687 0.594247 0.50625 0.591475 0.50625 0.585931 0.507812 0.583159 0.507812 0.580387 0.509375 0.577615 0.510938 0.577615 0.5125 0.574843 0.517187 0.574843 0.521875 0.583159 0.521875 0.585931 0.526563 0.594247 0.529687 0.594247 0.53125 0.597019 0.539062 0.597019 0.54375 0.605335 0.54375 0.613651 0.545312 0.616423 0.545312 0.624739 0.55625 0.624739 0.557813 0.621967 0.623437 0.621967 0.625 0.624739 0.629687 0.624739 0.63125 0.62751 0.6375 0.62751 0.639062 0.630282 0.64375 0.630282 0.645312 0.633054 0.648438 0.633054 0.65 0.635826 0.651562 0.635826 0.653125 0.638598 0.653125 0.646914 0.660937 0.646914 0.660937 0.638598 0.664062 0.633054 0.667187 0.633054 0.66875 0.630282 0.670312 0.630282 0.671875 0.62751 0.673438 0.62751 0.675 0.624739 0.676562 0.624739 0.678125 0.621967 0.679688 0.621967 0.68125 0.619195 0.682812 0.619195 0.684375 0.616423 0.685937 0.616423 0.690625 0.608107 0.695312 0.608107 0.695312 0.583159 0.690625 0.583159 0.6875 0.577615 0.6875 0.574843 0.685937 0.572071 0.685937 0.569299 0.679688 0.558211 0.678125 0.558211 0.676562 0.555439 0.671875 0.555439 0.670312 0.552667 0.667187 0.552667 0.665625 0.549895 0.660937 0.549895 0.659375 0.547123 0.65625 0.547123 0.654687 0.544352 0.65 0.544352 0.648438 0.541579 0.646875 0.541579 0.645312 0.538808 0.64375 0.538808 0.642188 0.536036 0.639062 0.536036 0.6375 0.533264 0.632812 0.533264 0.63125 0.530492 0.629687 0.530492 0.628125 0.52772 0.626563 0.52772 0.623437 0.522176 0.621875 0.522176 0.617188 0.51386 0.617188 0.505544 0.891497 240
9 0.634375 0.31705 0.634375 0.35863 0.64375 0.35863 0.64375 0.350314 0.646875 0.34477 0.651562 0.34477 0.651562 0.31705 0.55401 13
2 0.578125 0.47228 0.578125 0.51386 0.620312 0.51386 0.620312 0.47228 0.746905 1
9 0.953125 0.0287657 0.953125 0.186768 0.957812 0.186768 0.959375 0.18954 0.959375 0.192312 0.9625 0.197856 0.9625 0.200628 0.964062 0.200628 0.965625 0.2034 0.967187 0.2034 0.96875 0.206172 0.970313 0.206172 0.971875 0.208944 0.973437 0.208944 0.975 0.211715 0.979687 0.211715 0.98125 0.214487 0.990625 0.214487 0.992188 0.211715 0.995312 0.211715 0.996875 0.208944 0.998437 0.208944 0.998437 0.0287657 0.29893 19
2 0.565625 0.461192 0.565625 0.491684 0.579687 0.491684 0.579687 0.483368 0.58125 0.480596 0.58125 0.477824 0.582812 0.475052 0.589063 0.475052 0.589063 0.461192 0.295868 14
2 0.534375 0.461192 0.534375 0.497228 0.560937 0.497228 0.565625 0.488912 0.570312 0.488912 0.570312 0.480596 0.565625 0.480596 0.564062 0.477824 0.564062 0.47228 0.5625 0.469508 0.5625 0.461192 0.415993 3
2 0.490625 0.450105 0.490625 0.502772 0.520312 0.502772 0.520312 0.469508 0.515625 0.469508 0.5125 0.463964 0.5125 0.450105 0.666411 380
2 0.396875 0.461192 0.396875 0.524948 0.434375 0.524948 0.434375 0.51386 0.439062 0.505544 0.445312 0.505544 0.445312 0.488912 0.440625 0.488912 0.4375 0.483368 0.4375 0.480596 0.434375 0.475052 0.434375 0.47228 0.432812 0.469508 0.432812 0.461192 0.642966 12
5 0.30625 0.405753 0.30625 0.414069 0.304688 0.416841 0.301562 0.416841 0.3 0.419613 0.295312 0.419613 0.29375 0.422385 0.290625 0.422385 0.289062 0.425157 0.284375 0.425157 0.284375 0.51386 0.290625 0.51386 0.29375 0.519404 0.295312 0.519404 0.296875 0.522176 0.298438 0.522176 0.301562 0.52772 0.301562 0.536036 0.335938 0.536036 0.335938 0.52772 0.3375 0.524948 0.345312 0.524948 0.346875 0.522176 0.351562 0.522176 0.353125 0.519404 0.354687 0.519404 0.35625 0.516632 0.359375 0.516632 0.360937 0.51386 0.364063 0.51386 0.365625 0.511088 0.36875 0.511088 0.370312 0.508316 0.375 0.508316 0.376562 0.505544 0.379688 0.505544 0.382812 0.5 0.389062 0.5 0.389062 0.425157 0.384375 0.425157 0.38125 0.419613 0.38125 0.405753 0.912395 397
2 0.434375 0.450105 0.434375 0.491684 0.454687 0.491684 0.454687 0.477824 0.45625 0.475052 0.45625 0.450105 0.620871 425
0 0.5375 0.605335 0.545312 0.605335 0.545312 0.602563 0.539062 0.602563 0.5375 0.605335 0.532812 0.602563 0.53125 0.599791 0.53125 0.594247 0.526563 0.585931 0.526563 0.549895 0.496875 0.549895 0.496875 0.594247 0.498437 0.594247 0.501562 0.599791 0.501562 0.616423 0.5 0.619195 0.5 0.621967 0.498437 0.624739 0.498437 0.630282 0.496875 0.633054 0.496875 0.635826 0.495312 0.638598 0.495312 0.652458 0.49375 0.65523 0.49375 0.663546 0.492188 0.666318 0.492188 0.66909 0.489063 0.674634 0.489063 0.677406 0.485937 0.68295 0.485937 0.685722 0.484375 0.688494 0.478125 0.688494 0.478125 0.716213 0.484375 0.716213 0.4875 0.710669 0.492188 0.710669 0.49375 0.713441 0.495312 0.713441 0.496875 0.716213 0.496875 0.718985 0.498437 0.721757 0.498437 0.732845 0.5 0.735617 0.5 0.752249 0.501562 0.755021 0.501562 0.766109 0.503125 0.768881 0.503125 0.779969 0.504687 0.782741 0.504687 0.802144 0.503125 0.804916 0.503125 0.807688 0.498437 0.816004 0.498437 0.818776 0.495312 0.82432 0.495312 0.827092 0.496875 0.829864 0.5 0.829864 0.501562 0.832636 0.507812 0.832636 0.509375 0.835408 0.515625 0.835408 0.520312 0.827092 0.520312 0.813232 0.521875 0.81046 0.521875 0.788284 0.523438 0.785513 0.523438 0.738389 0.525 0.735617 0.525 0.716213 0.528125 0.710669 0.529687 0.710669 0.53125 0.707897 0.532812 0.707897 0.535937 0.702354 0.535937 0.688494 0.534375 0.685722 0.534375 0.680178 0.532812 0.677406 0.532812 0.671862 0.53125 0.66909 0.53125 0.630282 0.532812 0.62751 0.532812 0.619195 0.53125 0.616423 0.53125 0.613651 0.532812 0.610879 0.532812 0.602563 0.863853 188
0 0.728125 0.47228 0.728125 0.519404 0.734375 0.519404 0.734375 0.516632 0.735938 0.51386 0.735938 0.47228 0.455151 447
2 0.078125 0.538808 0.078125 0.547123 0.075 0.552667 0.0734375 0.552667 0.071875 0.555439 0.0703125 0.555439 0.06875 0.558211 0.0671875 0.558211 0.065625 0.560983 0.0640625 0.560983 0.0625 0.563755 0.0609375 0.563755 0.059375 0.566527 0.0578125 0.566527 0.05625 0.569299 0.0546875 0.569299 0.0515625 0.574843 0.05 0.574843 0.0484375 0.577615 0.040625 0.577615 0.040625 0.644142 0.046875 0.644142 0.0484375 0.646914 0.05 0.646914 0.0578125 0.660774 0.059375 0.660774 0.0625 0.666318 0.0765625 0.666318 0.078125 0.663546 0.0796875 0.663546 0.0859375 0.652458 0.0875 0.652458 0.0890625 0.649686 0.090625 0.649686 0.09375 0.644142 0.09375 0.630282 0.0921875 0.62751 0.09375 0.624739 0.09375 0.619195 0.0984375 0.610879 0.104688 0.610879 0.10625 0.613651 0.107812 0.613651 0.114062 0.624739 0.114062 0.630282 0.115625 0.633054 0.115625 0.649686 0.11875 0.65523 0.120313 0.65523 0.121875 0.658002 0.128125 0.658002 0.129688 0.660774 0.134375 0.660774 0.135937 0.663546 0.139062 0.663546 0.140625 0.666318 0.142187 0.666318 0.14375 0.66909 0.145313 0.66909 0.146875 0.671862 0.148438 0.671862 0.15 0.674634 0.151562 0.674634 0.153125 0.677406 0.167187 0.677406 0.16875 0.674634 0.171875 0.674634 0.173437 0.671862 0.175 0.671862 0.176562 0.66909 0.178125 0.66909 0.179688 0.666318 0.182812 0.666318 0.184375 0.663546 0.189062 0.663546 0.190625 0.660774 0.19375 0.660774 0.195312 0.658002 0.2 0.658002 0.201563 0.65523 0.20625 0.65523 0.207812 0.652458 0.210938 0.652458 0.2125 0.649686 0.214062 0.649686 0.221875 0.635826 0.226562 0.635826 0.226562 0.610879 0.221875 0.610879 0.21875 0.605335 0.21875 0.602563 0.210938 0.588703 0.209375 0.588703 0.207812 0.585931 0.20625 0.585931 0.204687 0.583159 0.203125 0.583159 0.201563 0.580387 0.2 0.580387 0.198437 0.577615 0.19375 0.577615 0.192187 0.574843 0.182812 0.574843 0.18125 0.572071 0.176562 0.572071 0.175 0.569299 0.173437 0.569299 0.171875 0.566527 0.170313 0.566527 0.16875 0.563755 0.167187 0.563755 0.165625 0.560983 0.164062 0.560983 0.159375 0.552667 0.157812 0.552667 0.154688 0.547123 0.154688 0.538808 0.915133 449
9 0.328125 0.305962 0.328125 0.347542 0.334375 0.347542 0.3375 0.341998 0.3375 0.339226 0.339062 0.336454 0.339062 0.33091 0.340625 0.328138 0.345312 0.328138 0.345312 0.305962 0.367978 122
0 0.0828125 0.649686 0.0828125 0.660774 0.08125 0.663546 0.08125 0.666318 0.0796875 0.66909 0.0796875 0.671862 0.078125 0.674634 0.078125 0.707897 0.0796875 0.710669 0.0796875 0.724529 0.08125 0.727301 0.08125 0.738389 0.0828125 0.741161 0.0828125 0.749477 0.084375 0.752249 0.084375 0.760565 0.0859375 0.763337 0.0859375 0.771653 0.084375 0.774425 0.084375 0.782741 0.08125 0.788284 0.08125 0.791056 0.078125 0.7966 0.078125 0.799372 0.075 0.804916 0.075 0.807688 0.0734375 0.81046 0.0734375 0.813232 0.0703125 0.818776 0.065625 0.818776 0.065625 1 0.140625 1 0.140625 0.985094 0.142187 0.982322 0.142187 0.97955 0.14375 0.976778 0.14375 0.974006 0.145313 0.971234 0.145313 0.968462 0.151562 0.957374 0.151562 0.954602 0.154688 0.949059 0.154688 0.946287 0.15625 0.943515 0.15625 0.937971 0.157812 0.935199 0.160937 0.935199 0.1625 0.937971 0.164062 0.937971 0.16875 0.946287 0.170313 0.946287 0.179688 0.962918 0.179688 0.96569 0.189062 0.982322 0.195312 0.982322 0.196875 0.97955 0.201563 0.97955 0.201563 0.962918 0.196875 0.962918 0.19375 0.957374 0.19375 0.954602 0.1875 0.943515 0.1875 0.940743 0.184375 0.935199 0.184375 0.932427 0.18125 0.926883 0.18125 0.924111 0.179688 0.921339 0.179688 0.918567 0.178125 0.915795 0.178125 0.913023 0.175 0.907479 0.175 0.904707 0.171875 0.899163 0.171875 0.896391 0.16875 0.890847 0.16875 0.888075 0.164062 0.879759 0.164062 0.876987 0.1625 0.874215 0.1625 0.871444 0.15625 0.860356 0.15625 0.857584 0.153125 0.85204 0.153125 0.849268 0.151562 0.846496 0.151562 0.840952 0.15 0.83818 0.15 0.827092 0.148438 0.82432 0.148438 0.821548 0.146875 0.818776 0.146875 0.816004 0.145313 0.813232 0.145313 0.81046 0.1375 0.7966 0.1375 0.793828 0.135937 0.791056 0.135937 0.788284 0.13125 0.779969 0.13125 0.777197 0.129688 0.774425 0.129688 0.766109 0.128125 0.763337 0.128125 0.755021 0.126562 0.752249 0.126562 0.741161 0.125 0.738389 0.125 0.721757 0.123437 0.718985 0.123437 0.707897 0.121875 0.705126 0.121875 0.69681 0.120313 0.694038 0.120313 0.691266 0.11875 0.688494 0.11875 0.685722 0.117188 0.68295 0.117188 0.680178 0.1125 0.671862 0.1125 0.66909 0.109375 0.663546 0.107812 0.663546 0.104688 0.658002 0.104688 0.649686 0.887793 455
0 0.995312 0.62751 0.995312 0.646914 0.99375 0.649686 0.99375 0.660774 0.992188 0.663546 0.992188 0.66909 0.990625 0.671862 0.990625 0.688494 0.989062 0.691266 0.989062 0.702354 0.9875 0.705126 0.9875 0.724529 0.985938 0.727301 0.985938 0.741161 0.984375 0.743933 0.984375 0.752249 0.982812 0.755021 0.982812 0.766109 0.98125 0.768881 0.98125 0.779969 0.979687 0.782741 0.979687 0.793828 0.978125 0.7966 0.978125 0.804916 0.976562 0.807688 0.976562 0.816004 0.975 0.818776 0.975 0.82432 0.973437 0.827092 0.973437 0.835408 0.971875 0.83818 0.971875 0.840952 0.970313 0.843724 0.970313 0.846496 0.967187 0.85204 0.967187 0.854812 0.960938 0.8659 0.960938 0.868671 0.95625 0.876987 0.95625 0.879759 0.951562 0.888075 0.946875 0.888075 0.946875 0.946287 0.953125 0.946287 0.954688 0.943515 0.960938 0.943515 0.964062 0.949059 0.964062 0.957374 0.979687 0.957374 0.979687 0.949059 0.98125 0.946287 0.982812 0.946287 0.984375 0.943515 0.9875 0.943515 0.989062 0.940743 0.998437 0.940743 0.998437 0.62751 0.364861 405
2 0.01875 0.505544 0.01875 0.51386 0.0140625 0.522176 0.009375 0.522176 0.009375 0.555439 0.040625 0.555439 0.0421875 0.558211 0.04375 0.558211 0.0453125 0.560983 0.0453125 0.569299 0.0453125 0.560983 0.0484375 0.555439 0.05 0.555439 0.0515625 0.552667 0.0671875 0.552667 0.06875 0.549895 0.0765625 0.549895 0.0765625 0.524948 0.071875 0.524948 0.0703125 0.522176 0.06875 0.522176 0.0640625 0.51386 0.0640625 0.505544 0.637169 472
0 0.140625 0.47228 0.140625 0.547123 0.153125 0.547123 0.153125 0.536036 0.154688 0.533264 0.154688 0.508316 0.15625 0.505544 0.15625 0.5 0.154688 0.497228 0.154688 0.47228 0.32583 473
0 0.846875 0.483368 0.846875 0.541579 0.854687 0.541579 0.85625 0.538808 0.859375 0.538808 0.860938 0.536036 0.860938 0.483368 0.428047 480
