0 0.134375 0.893619 0.132812 0.890847 0.132812 0.901935 0.13125 0.904707 0.13125 0.913023 0.134375 0.913023 0.134375 0.893619 0.146875 0.8659 0.148438 0.868671 0.148438 0.871444 0.145313 0.876987 0.145313 0.874215 0.128125 0.827092 0.129688 0.82432 0.129688 0.821548 0.134375 0.813232 0.134375 0.799372 0.132812 0.7966 0.132812 0.791056 0.13125 0.788284 0.13125 0.785513 0.129688 0.782741 0.129688 0.777197 0.128125 0.774425 0.128125 0.768881 0.126562 0.766109 0.126562 0.760565 0.125 0.757793 0.125 0.743933 0.123437 0.741161 0.123437 0.721757 0.121875 0.718985 0.121875 0.710669 0.120313 0.707897 0.120313 0.702354 0.11875 0.699582 0.11875 0.691266 0.117188 0.688494 0.117188 0.685722 0.114062 0.680178 0.114062 0.677406 0.110937 0.671862 0.110937 0.652458 0.1125 0.649686 0.1125 0.644142 0.114062 0.64137 0.114062 0.616423 0.090625 0.616423 0.090625 0.646914 0.0859375 0.65523 0.084375 0.65523 0.0828125 0.658002 0.078125 0.658002 0.078125 0.691266 0.0828125 0.691266 0.0875 0.699582 0.0875 0.705126 0.0890625 0.707897 0.0890625 0.741161 0.090625 0.743933 0.090625 0.749477 0.0921875 0.752249 0.0921875 0.755021 0.096875 0.763337 0.096875 0.766109 0.1 0.771653 0.1 0.774425 0.103125 0.779969 0.103125 0.785513 0.104688 0.788284 0.104688 0.791056 0.10625 0.793828 0.10625 0.807688 0.107812 0.81046 0.107812 0.818776 0.109375 0.821548 0.109375 0.82432 0.115625 0.835408 0.121875 0.835408 0.126562 0.827092 0.128125 0.827092 0.145313 0.874215 0.14375 0.871444 0.14375 0.868671 0.145313 0.8659 0.146875 0.8659 0.443997 4
9 0.003125 0.217259 0.003125 0.30319 0.015625 0.30319 0.015625 0.289331 0.0171875 0.286559 0.0171875 0.264383 0.01875 0.261611 0.01875 0.217259 0.306285 15
2 0.909375 0.538808 0.909375 0.549895 0.90625 0.555439 0.90625 0.558211 0.904687 0.560983 0.904687 0.563755 0.9 0.572071 0.9 0.574843 0.895312 0.583159 0.890625 0.583159 0.890625 0.658002 0.895312 0.658002 0.9 0.666318 0.9 0.66909 0.907813 0.68295 0.910937 0.68295 0.9125 0.685722 0.915625 0.685722 0.917187 0.688494 0.920312 0.688494 0.921875 0.691266 0.925 0.691266 0.926562 0.694038 0.928125 0.694038 0.929688 0.69681 0.93125 0.69681 0.932812 0.699582 0.934375 0.699582 0.935937 0.702354 0.940625 0.702354 0.942187 0.705126 0.95 0.705126 0.951562 0.707897 0.967187 0.707897 0.96875 0.705126 0.970313 0.705126 0.971875 0.702354 0.973437 0.702354 0.975 0.699582 0.976562 0.699582 0.979687 0.694038 0.98125 0.694038 0.984375 0.688494 0.984375 0.685722 0.985938 0.68295 0.985938 0.680178 0.9875 0.677406 0.9875 0.674634 0.989062 0.671862 0.989062 0.66909 0.990625 0.666318 0.990625 0.663546 0.992188 0.660774 0.992188 0.65523 0.99375 0.652458 0.99375 0.646914 0.996875 0.64137 0.998437 0.64137 0.998437 0.549895 0.996875 0.549895 0.995312 0.547123 0.995312 0.538808 0.898526 175
2 0.478125 0.505544 0.478125 0.516632 0.476562 0.519404 0.476562 0.522176 0.470312 0.533264 0.465625 0.533264 0.465625 0.608107 0.475 0.608107 0.476562 0.610879 0.4875 0.610879 0.489063 0.608107 0.490625 0.608107 0.490625 0.605335 0.498437 0.591475 0.498437 0.585931 0.5 0.583159 0.5 0.574843 0.501562 0.572071 0.501562 0.569299 0.504687 0.563755 0.50625 0.563755 0.507812 0.560983 0.515625 0.560983 0.517187 0.563755 0.517187 0.566527 0.520312 0.572071 0.520312 0.580387 0.521875 0.583159 0.521875 0.588703 0.529687 0.602563 0.529687 0.605335 0.534375 0.613651 0.534375 0.616423 0.535937 0.619195 0.5375 0.619195 0.539062 0.621967 0.603125 0.621967 0.604687 0.624739 0.610938 0.624739 0.6125 0.62751 0.614062 0.62751 0.615625 0.630282 0.617188 0.630282 0.61875 0.633054 0.621875 0.633054 0.623437 0.635826 0.625 0.635826 0.626563 0.638598 0.626563 0.646914 0.628125 0.646914 0.628125 0.638598 0.629687 0.635826 0.632812 0.635826 0.634375 0.633054 0.635937 0.633054 0.6375 0.630282 0.640625 0.630282 0.642188 0.62751 0.64375 0.62751 0.645312 0.624739 0.646875 0.624739 0.648438 0.621967 0.651562 0.621967 0.653125 0.619195 0.654687 0.619195 0.65625 0.616423 0.657813 0.616423 0.660937 0.610879 0.660937 0.608107 0.6625 0.605335 0.6625 0.585931 0.660937 0.583159 0.660937 0.577615 0.659375 0.574843 0.659375 0.572071 0.65 0.555439 0.648438 0.555439 0.646875 0.552667 0.645312 0.552667 0.64375 0.549895 0.642188 0.549895 0.640625 0.547123 0.6375 0.547123 0.635937 0.544352 0.634375 0.544352 0.632812 0.541579 0.628125 0.541579 0.626563 0.538808 0.607812 0.538808 0.60625 0.536036 0.604687 0.536036 0.603125 0.533264 0.6 0.533264 0.598437 0.530492 0.596875 0.530492 0.592187 0.522176 0.590625 0.522176 0.589063 0.519404 0.585938 0.519404 0.582812 0.51386 0.582812 0.505544 0.895342 240
9 0.634375 0.31705 0.634375 0.35863 0.64375 0.35863 0.64375 0.350314 0.646875 0.34477 0.651562 0.34477 0.651562 0.31705 0.589483 13
2 0.584375 0.47228 0.584375 0.511088 0.604687 0.511088 0.60625 0.51386 0.609375 0.51386 0.610938 0.511088 0.620312 0.511088 0.620312 0.47228 0.755659 1
9 0.953125 0.0287657 0.953125 0.186768 0.957812 0.186768 0.959375 0.18954 0.959375 0.192312 0.9625 0.197856 0.9625 0.200628 0.964062 0.200628 0.967187 0.206172 0.970313 0.206172 0.971875 0.208944 0.973437 0.208944 0.975 0.211715 0.979687 0.211715 0.98125 0.214487 0.990625 0.214487 0.992188 0.211715 0.995312 0.211715 0.996875 0.208944 0.998437 0.208944 0.998437 0.0287657 0.327234 19
2 0.565625 0.461192 0.565625 0.48614 0.578125 0.48614 0.584375 0.475052 0.589063 0.475052 0.589063 0.461192 0.31532 14
2 0.534375 0.461192 0.534375 0.497228 0.55625 0.497228 0.557813 0.5 0.559375 0.497228 0.560937 0.497228 0.5625 0.494456 0.5625 0.491684 0.564062 0.488912 0.564062 0.48614 0.565625 0.483368 0.570312 0.483368 0.570312 0.477824 0.565625 0.477824 0.564062 0.475052 0.564062 0.461192 0.361755 3
2 0.490625 0.450105 0.490625 0.502772 0.520312 0.502772 0.520312 0.466736 0.515625 0.466736 0.5125 0.461192 0.5125 0.450105 0.564275 380
2 0.403125 0.461192 0.403125 0.469508 0.401562 0.47228 0.396875 0.47228 0.396875 0.524948 0.434375 0.524948 0.434375 0.51386 0.4375 0.508316 0.439062 0.508316 0.440625 0.505544 0.445312 0.505544 0.445312 0.483368 0.440625 0.483368 0.439062 0.480596 0.4375 0.480596 0.435937 0.477824 0.435937 0.475052 0.434375 0.47228 0.434375 0.461192 0.6449 12
5 0.30625 0.405753 0.30625 0.414069 0.304688 0.416841 0.303125 0.416841 0.301562 0.419613 0.296875 0.419613 0.295312 0.422385 0.29375 0.422385 0.292187 0.425157 0.290625 0.425157 0.289062 0.427929 0.284375 0.427929 0.284375 0.502772 0.289062 0.502772 0.290625 0.505544 0.290625 0.511088 0.292187 0.51386 0.292187 0.516632 0.29375 0.516632 0.296875 0.522176 0.298438 0.522176 0.301562 0.52772 0.301562 0.536036 0.328125 0.536036 0.328125 0.52772 0.329687 0.524948 0.345312 0.524948 0.346875 0.522176 0.351562 0.522176 0.353125 0.519404 0.35625 0.519404 0.357812 0.516632 0.359375 0.516632 0.360937 0.51386 0.364063 0.51386 0.365625 0.511088 0.36875 0.511088 0.370312 0.508316 0.373437 0.508316 0.375 0.505544 0.378125 0.505544 0.379688 0.502772 0.38125 0.502772 0.382812 0.5 0.389062 0.5 0.389062 0.422385 0.384375 0.422385 0.38125 0.416841 0.38125 0.405753 0.900802 397
2 0.434375 0.450105 0.434375 0.477824 0.440625 0.477824 0.442188 0.480596 0.442188 0.491684 0.454687 0.491684 0.454687 0.480596 0.45625 0.477824 0.45625 0.475052 0.457813 0.47228 0.457813 0.469508 0.45625 0.466736 0.45625 0.450105 0.530848 425
0 0.501562 0.560983 0.501562 0.599791 0.503125 0.602563 0.503125 0.605335 0.501562 0.608107 0.501562 0.613651 0.5 0.616423 0.5 0.624739 0.498437 0.62751 0.498437 0.649686 0.496875 0.652458 0.496875 0.65523 0.495312 0.658002 0.495312 0.660774 0.49375 0.663546 0.49375 0.666318 0.489063 0.674634 0.489063 0.677406 0.485937 0.68295 0.484375 0.68295 0.482812 0.685722 0.478125 0.685722 0.478125 0.707897 0.485937 0.707897 0.4875 0.705126 0.492188 0.705126 0.49375 0.707897 0.495312 0.707897 0.496875 0.710669 0.496875 0.713441 0.501562 0.721757 0.501562 0.727301 0.503125 0.730073 0.503125 0.749477 0.504687 0.752249 0.504687 0.785513 0.50625 0.788284 0.50625 0.799372 0.504687 0.802144 0.504687 0.81046 0.5 0.818776 0.498437 0.818776 0.495312 0.82432 0.495312 0.827092 0.496875 0.829864 0.498437 0.829864 0.5 0.832636 0.50625 0.832636 0.507812 0.835408 0.5125 0.835408 0.514062 0.83818 0.514062 0.846496 0.514062 0.83818 0.521875 0.82432 0.521875 0.807688 0.523438 0.804916 0.523438 0.779969 0.525 0.777197 0.525 0.735617 0.526563 0.732845 0.526563 0.724529 0.528125 0.721757 0.528125 0.718985 0.529687 0.716213 0.529687 0.713441 0.532812 0.707897 0.534375 0.707897 0.535937 0.705126 0.539062 0.705126 0.540625 0.702354 0.545312 0.702354 0.545312 0.691266 0.540625 0.691266 0.5375 0.685722 0.5375 0.68295 0.535937 0.680178 0.535937 0.66909 0.534375 0.666318 0.534375 0.644142 0.532812 0.64137 0.532812 0.616423 0.53125 0.613651 0.53125 0.608107 0.529687 0.605335 0.529687 0.602563 0.523438 0.591475 0.523438 0.588703 0.521875 0.585931 0.521875 0.560983 0.88377 188
0 0.728125 0.461192 0.728125 0.516632 0.734375 0.516632 0.734375 0.511088 0.735938 0.508316 0.735938 0.497228 0.7375 0.494456 0.7375 0.483368 0.735938 0.480596 0.735938 0.461192 0.479442 447
2 0.053125 0.538808 0.053125 0.547123 0.0515625 0.549895 0.05 0.549895 0.0484375 0.552667 0.046875 0.552667 0.0453125 0.555439 0.04375 0.555439 0.0421875 0.558211 0.040625 0.558211 0.0390625 0.560983 0.0375 0.560983 0.0359375 0.563755 0.034375 0.563755 0.0328125 0.566527 0.03125 0.566527 0.0296875 0.569299 0.028125 0.569299 0.025 0.574843 0.0234375 0.574843 0.021875 0.577615 0.015625 0.577615 0.015625 0.64137 0.021875 0.64137 0.0234375 0.644142 0.0265625 0.644142 0.0375 0.663546 0.05 0.663546 0.0515625 0.660774 0.0546875 0.660774 0.05625 0.658002 0.059375 0.658002 0.0609375 0.65523 0.084375 0.65523 0.0859375 0.652458 0.0875 0.652458 0.0890625 0.649686 0.0921875 0.649686 0.09375 0.646914 0.09375 0.621967 0.0953125 0.619195 0.0953125 0.616423 0.096875 0.613651 0.104688 0.613651 0.107812 0.619195 0.109375 0.619195 0.110937 0.621967 0.110937 0.624739 0.1125 0.62751 0.1125 0.633054 0.114062 0.635826 0.114062 0.638598 0.1125 0.64137 0.1125 0.644142 0.110937 0.646914 0.110937 0.65523 0.1125 0.658002 0.1125 0.660774 0.115625 0.666318 0.117188 0.666318 0.11875 0.66909 0.11875 0.680178 0.140625 0.680178 0.140625 0.671862 0.14375 0.666318 0.146875 0.666318 0.148438 0.663546 0.154688 0.663546 0.15625 0.660774 0.160937 0.660774 0.1625 0.658002 0.167187 0.658002 0.16875 0.65523 0.173437 0.65523 0.175 0.652458 0.178125 0.652458 0.182812 0.644142 0.184375 0.644142 0.185938 0.64137 0.185938 0.638598 0.1875 0.635826 0.1875 0.630282 0.189062 0.62751 0.189062 0.624739 0.1875 0.621967 0.1875 0.610879 0.185938 0.608107 0.185938 0.605335 0.184375 0.602563 0.184375 0.599791 0.176562 0.585931 0.175 0.585931 0.171875 0.580387 0.16875 0.580387 0.167187 0.577615 0.1625 0.577615 0.160937 0.574843 0.151562 0.574843 0.15 0.572071 0.146875 0.572071 0.145313 0.569299 0.14375 0.569299 0.142187 0.566527 0.140625 0.566527 0.139062 0.563755 0.1375 0.563755 0.132812 0.555439 0.13125 0.555439 0.126562 0.547123 0.126562 0.538808 0.923941 449
9 0.328125 0.305962 0.328125 0.35863 0.332813 0.35863 0.332813 0.350314 0.3375 0.341998 0.3375 0.339226 0.339062 0.336454 0.339062 0.328138 0.340625 0.325366 0.345312 0.325366 0.345312 0.305962 0.36565 122
0 0.0515625 0.671862 0.0515625 0.685722 0.05 0.688494 0.05 0.710669 0.0515625 0.713441 0.0515625 0.718985 0.053125 0.721757 0.053125 0.727301 0.0546875 0.730073 0.0546875 0.741161 0.05625 0.743933 0.05625 0.749477 0.0546875 0.752249 0.0546875 0.755021 0.053125 0.757793 0.053125 0.760565 0.0484375 0.768881 0.0484375 0.771653 0.04375 0.779969 0.04375 0.782741 0.0390625 0.791056 0.034375 0.791056 0.034375 0.96569 0.0390625 0.96569 0.040625 0.968462 0.040625 0.974006 0.0421875 0.976778 0.0421875 0.985094 0.04375 0.987866 0.04375 1 0.1125 1 0.1125 0.982322 0.114062 0.97955 0.114062 0.968462 0.1125 0.96569 0.1125 0.949059 0.114062 0.946287 0.114062 0.940743 0.115625 0.937971 0.117188 0.937971 0.11875 0.940743 0.121875 0.940743 0.123437 0.943515 0.123437 0.946287 0.125 0.946287 0.129688 0.954602 0.132812 0.954602 0.134375 0.957374 0.139062 0.957374 0.140625 0.954602 0.146875 0.954602 0.151562 0.946287 0.15 0.943515 0.15 0.937971 0.142187 0.924111 0.142187 0.921339 0.1375 0.913023 0.1375 0.910251 0.135937 0.907479 0.135937 0.904707 0.13125 0.896391 0.13125 0.893619 0.128125 0.888075 0.128125 0.885303 0.123437 0.876987 0.123437 0.871444 0.121875 0.868671 0.121875 0.8659 0.120313 0.863128 0.120313 0.860356 0.11875 0.860356 0.115625 0.854812 0.115625 0.85204 0.114062 0.849268 0.114062 0.846496 0.110937 0.840952 0.110937 0.829864 0.109375 0.827092 0.109375 0.818776 0.107812 0.816004 0.107812 0.807688 0.10625 0.804916 0.10625 0.793828 0.104688 0.791056 0.104688 0.785513 0.103125 0.782741 0.103125 0.779969 0.101562 0.777197 0.101562 0.774425 0.1 0.771653 0.1 0.768881 0.09375 0.757793 0.09375 0.755021 0.090625 0.749477 0.090625 0.735617 0.0890625 0.732845 0.0890625 0.710669 0.0875 0.707897 0.0875 0.702354 0.0859375 0.699582 0.0859375 0.694038 0.084375 0.691266 0.084375 0.688494 0.08125 0.68295 0.08125 0.671862 0.762644 455
0 0.746875 0.47228 0.746875 0.536036 0.754687 0.536036 0.754687 0.522176 0.75625 0.519404 0.75625 0.47228 0.321674 431
0 0.995312 0.62751 0.995312 0.638598 0.99375 0.64137 0.99375 0.652458 0.992188 0.65523 0.992188 0.666318 0.990625 0.66909 0.990625 0.680178 0.989062 0.68295 0.989062 0.699582 0.9875 0.702354 0.9875 0.724529 0.985938 0.727301 0.985938 0.741161 0.984375 0.743933 0.984375 0.752249 0.982812 0.755021 0.982812 0.766109 0.98125 0.768881 0.98125 0.779969 0.979687 0.782741 0.979687 0.793828 0.978125 0.7966 0.978125 0.804916 0.976562 0.807688 0.976562 0.816004 0.975 0.818776 0.975 0.82432 0.973437 0.827092 0.973437 0.835408 0.971875 0.83818 0.971875 0.840952 0.970313 0.843724 0.970313 0.846496 0.967187 0.85204 0.967187 0.854812 0.9625 0.863128 0.9625 0.8659 0.957812 0.874215 0.957812 0.876987 0.954688 0.882531 0.954688 0.885303 0.953125 0.888075 0.946875 0.888075 0.946875 0.937971 0.953125 0.937971 0.954688 0.940743 0.960938 0.940743 0.9625 0.943515 0.964062 0.943515 0.965625 0.946287 0.967187 0.946287 0.96875 0.949059 0.96875 0.957374 0.978125 0.957374 0.978125 0.949059 0.98125 0.943515 0.984375 0.943515 0.985938 0.940743 0.992188 0.940743 0.99375 0.937971 0.998437 0.937971 0.998437 0.62751 0.367595 405
2 0.0171875 0.505544 0.0171875 0.516632 0.015625 0.519404 0.009375 0.519404 0.009375 0.552667 0.0296875 0.552667 0.03125 0.555439 0.0390625 0.555439 0.040625 0.552667 0.0421875 0.552667 0.04375 0.549895 0.046875 0.549895 0.0484375 0.547123 0.0515625 0.547123 0.0546875 0.541579 0.05625 0.541579 0.0578125 0.538808 0.0640625 0.538808 0.0640625 0.519404 0.0578125 0.519404 0.05625 0.516632 0.05625 0.505544 0.635281 472
0 0.140625 0.47228 0.140625 0.547123 0.15 0.547123 0.15 0.538808 0.153125 0.533264 0.157812 0.533264 0.157812 0.48614 0.153125 0.48614 0.151562 0.483368 0.151562 0.47228 0.537221 473
26 0.125 0.804916 0.125 0.82432 0.120313 0.832636 0.115625 0.832636 0.115625 0.860356 0.121875 0.860356 0.125 0.8659 0.125 0.868671 0.128125 0.874215 0.128125 0.876987 0.129688 0.879759 0.129688 0.882531 0.13125 0.885303 0.13125 0.888075 0.132812 0.890847 0.132812 0.901935 0.139062 0.901935 0.139062 0.893619 0.142187 0.888075 0.14375 0.888075 0.145313 0.885303 0.146875 0.885303 0.153125 0.874215 0.157812 0.874215 0.157812 0.857584 0.153125 0.857584 0.151562 0.854812 0.151562 0.85204 0.15 0.849268 0.15 0.827092 0.148438 0.82432 0.148438 0.818776 0.146875 0.816004 0.146875 0.804916 0.348377 21
7 0.540625 0.416841 0.540625 0.469508 0.565625 0.469508 0.565625 0.458421 0.567187 0.455649 0.567187 0.452877 0.571875 0.444561 0.576562 0.444561 0.576562 0.416841 0.269138 22
