2 0.975 0.549895 0.975 0.560983 0.965625 0.577615 0.959375 0.577615 0.959375 0.649686 0.964062 0.649686 0.967187 0.65523 0.967187 0.658002 0.96875 0.660774 0.96875 0.663546 0.975 0.674634 0.976562 0.674634 0.978125 0.677406 0.979687 0.677406 0.98125 0.674634 0.985938 0.674634 0.9875 0.671862 0.989062 0.671862 0.996875 0.658002 0.998437 0.658002 0.998437 0.549895 0.769109 175
2 0.582812 0.516632 0.582812 0.52772 0.579687 0.533264 0.578125 0.533264 0.576562 0.536036 0.571875 0.536036 0.571875 0.605335 0.578125 0.605335 0.579687 0.608107 0.582812 0.608107 0.584375 0.610879 0.5875 0.610879 0.589063 0.613651 0.590625 0.613651 0.592187 0.616423 0.59375 0.616423 0.595312 0.619195 0.598437 0.619195 0.6 0.621967 0.601562 0.621967 0.604687 0.62751 0.60625 0.62751 0.607812 0.630282 0.609375 0.630282 0.610938 0.633054 0.617188 0.633054 0.61875 0.635826 0.620312 0.635826 0.621875 0.633054 0.625 0.633054 0.626563 0.630282 0.629687 0.630282 0.63125 0.62751 0.634375 0.62751 0.635937 0.624739 0.640625 0.624739 0.642188 0.621967 0.68125 0.621967 0.682812 0.624739 0.698437 0.624739 0.7 0.62751 0.709375 0.62751 0.710938 0.630282 0.721875 0.630282 0.723437 0.633054 0.729687 0.633054 0.73125 0.635826 0.734375 0.635826 0.735938 0.633054 0.739062 0.633054 0.740625 0.630282 0.74375 0.630282 0.746875 0.624739 0.75 0.624739 0.751563 0.621967 0.753125 0.621967 0.754687 0.619195 0.75625 0.619195 0.759375 0.613651 0.764062 0.613651 0.764062 0.580387 0.759375 0.580387 0.751563 0.566527 0.75 0.566527 0.746875 0.560983 0.74375 0.560983 0.742188 0.558211 0.7375 0.558211 0.735938 0.555439 0.73125 0.555439 0.729687 0.552667 0.726562 0.552667 0.725 0.549895 0.723437 0.549895 0.721875 0.547123 0.717187 0.547123 0.715625 0.544352 0.710938 0.544352 0.709375 0.541579 0.707812 0.541579 0.704688 0.536036 0.703125 0.536036 0.701562 0.533264 0.7 0.533264 0.698437 0.530492 0.696875 0.530492 0.69375 0.524948 0.69375 0.516632 0.90644 240
9 0.634375 0.31705 0.634375 0.35863 0.64375 0.35863 0.64375 0.350314 0.646875 0.34477 0.651562 0.34477 0.651562 0.31705 0.527782 13
2 0.578125 0.47228 0.578125 0.51386 0.620312 0.51386 0.620312 0.483368 0.615625 0.483368 0.614062 0.480596 0.614062 0.47228 0.748643 1
2 0.534375 0.461192 0.534375 0.51386 0.570312 0.51386 0.570312 0.488912 0.565625 0.488912 0.5625 0.483368 0.5625 0.477824 0.560937 0.475052 0.560937 0.461192 0.64534 3
2 0.490625 0.450105 0.490625 0.502772 0.520312 0.502772 0.520312 0.469508 0.515625 0.469508 0.5125 0.463964 0.5125 0.450105 0.641976 380
2 0.396875 0.461192 0.396875 0.516632 0.425 0.516632 0.426563 0.519404 0.428125 0.519404 0.429688 0.516632 0.432812 0.516632 0.435937 0.511088 0.435937 0.508316 0.4375 0.505544 0.4375 0.494456 0.435937 0.491684 0.435937 0.483368 0.434375 0.480596 0.434375 0.477824 0.432812 0.475052 0.432812 0.47228 0.43125 0.469508 0.43125 0.461192 0.640819 12
5 0.3 0.405753 0.3 0.414069 0.298438 0.416841 0.295312 0.416841 0.29375 0.419613 0.284375 0.419613 0.284375 0.536036 0.345312 0.536036 0.345312 0.52772 0.348438 0.522176 0.351562 0.522176 0.353125 0.519404 0.354687 0.519404 0.35625 0.516632 0.357812 0.516632 0.359375 0.51386 0.3625 0.51386 0.364063 0.511088 0.36875 0.511088 0.370312 0.508316 0.375 0.508316 0.376562 0.505544 0.378125 0.505544 0.38125 0.5 0.38125 0.497228 0.384375 0.491684 0.389062 0.491684 0.389062 0.439017 0.384375 0.439017 0.382812 0.436245 0.382812 0.433473 0.38125 0.430701 0.38125 0.422385 0.379688 0.419613 0.379688 0.416841 0.378125 0.414069 0.378125 0.405753 0.917619 397
2 0.428125 0.439017 0.428125 0.469508 0.434375 0.469508 0.4375 0.475052 0.4375 0.477824 0.439062 0.480596 0.439062 0.491684 0.457813 0.491684 0.457813 0.452877 0.453125 0.452877 0.451562 0.450105 0.451562 0.439017 0.602813 425
0 0.498437 0.560983 0.498437 0.583159 0.5 0.585931 0.5 0.602563 0.498437 0.605335 0.498437 0.608107 0.495312 0.613651 0.490625 0.613651 0.490625 0.782741 0.495312 0.782741 0.496875 0.785513 0.496875 0.788284 0.498437 0.791056 0.498437 0.818776 0.495312 0.82432 0.490625 0.82432 0.490625 0.827092 0.496875 0.827092 0.498437 0.829864 0.5 0.829864 0.501562 0.832636 0.515625 0.832636 0.51875 0.827092 0.51875 0.82432 0.520312 0.821548 0.520312 0.807688 0.521875 0.804916 0.521875 0.785513 0.523438 0.782741 0.523438 0.713441 0.528125 0.705126 0.532812 0.705126 0.532812 0.610879 0.528125 0.610879 0.523438 0.602563 0.523438 0.599791 0.521875 0.599791 0.51875 0.594247 0.51875 0.591475 0.517187 0.588703 0.517187 0.580387 0.515625 0.577615 0.515625 0.560983 0.872178 188
0 0.728125 0.461192 0.728125 0.536036 0.734375 0.536036 0.734375 0.524948 0.735938 0.522176 0.735938 0.516632 0.7375 0.51386 0.7375 0.497228 0.739062 0.494456 0.739062 0.480596 0.7375 0.477824 0.7375 0.461192 0.529979 447
2 0.15625 0.538808 0.15625 0.547123 0.153125 0.552667 0.151562 0.552667 0.15 0.555439 0.146875 0.555439 0.14375 0.560983 0.142187 0.560983 0.140625 0.563755 0.139062 0.563755 0.1375 0.566527 0.135937 0.566527 0.134375 0.569299 0.132812 0.569299 0.13125 0.572071 0.129688 0.572071 0.128125 0.574843 0.125 0.574843 0.123437 0.577615 0.115625 0.577615 0.115625 0.646914 0.121875 0.646914 0.123437 0.649686 0.125 0.649686 0.13125 0.660774 0.13125 0.663546 0.135937 0.671862 0.1375 0.671862 0.139062 0.674634 0.148438 0.674634 0.15 0.671862 0.153125 0.671862 0.154688 0.66909 0.157812 0.66909 0.159375 0.666318 0.185938 0.666318 0.1875 0.66909 0.20625 0.66909 0.207812 0.671862 0.228125 0.671862 0.229687 0.674634 0.2375 0.674634 0.239062 0.677406 0.24375 0.677406 0.245312 0.680178 0.246875 0.680178 0.248438 0.68295 0.248438 0.691266 0.271875 0.691266 0.271875 0.68295 0.273438 0.680178 0.275 0.680178 0.276562 0.677406 0.279687 0.677406 0.28125 0.674634 0.2875 0.674634 0.289062 0.671862 0.292187 0.671862 0.29375 0.66909 0.301562 0.66909 0.303125 0.666318 0.309375 0.666318 0.310937 0.663546 0.3125 0.663546 0.321875 0.646914 0.326562 0.646914 0.326562 0.613651 0.320312 0.613651 0.31875 0.610879 0.31875 0.608107 0.3125 0.597019 0.310937 0.597019 0.307812 0.591475 0.30625 0.591475 0.304688 0.588703 0.303125 0.588703 0.301562 0.585931 0.3 0.585931 0.298438 0.583159 0.295312 0.583159 0.29375 0.580387 0.290625 0.580387 0.289062 0.577615 0.282813 0.577615 0.28125 0.574843 0.273438 0.574843 0.271875 0.572071 0.26875 0.572071 0.267188 0.569299 0.264062 0.569299 0.2625 0.566527 0.260937 0.566527 0.259375 0.563755 0.257812 0.563755 0.25625 0.560983 0.254687 0.560983 0.253125 0.558211 0.251563 0.558211 0.25 0.555439 0.248438 0.555439 0.246875 0.552667 0.245312 0.552667 0.242188 0.547123 0.242188 0.538808 0.916328 449
9 0.328125 0.305962 0.328125 0.35863 0.332813 0.35863 0.332813 0.350314 0.3375 0.341998 0.3375 0.339226 0.339062 0.336454 0.339062 0.33091 0.340625 0.328138 0.345312 0.328138 0.345312 0.305962 0.374093 122
0 0.179688 0.68295 0.179688 0.691266 0.176562 0.69681 0.176562 0.699582 0.175 0.702354 0.175 0.705126 0.173437 0.707897 0.173437 0.713441 0.171875 0.716213 0.171875 0.732845 0.173437 0.735617 0.173437 0.746705 0.175 0.749477 0.175 0.755021 0.176562 0.757793 0.176562 0.760565 0.178125 0.763337 0.178125 0.766109 0.179688 0.768881 0.179688 0.774425 0.18125 0.777197 0.18125 0.785513 0.179688 0.788284 0.179688 0.791056 0.178125 0.793828 0.178125 0.7966 0.173437 0.804916 0.173437 0.807688 0.170313 0.813232 0.170313 0.816004 0.16875 0.818776 0.16875 0.821548 0.167187 0.82432 0.167187 0.827092 0.165625 0.829864 0.165625 0.832636 0.164062 0.835408 0.164062 0.83818 0.1625 0.840952 0.1625 0.843724 0.160937 0.846496 0.160937 0.849268 0.157812 0.854812 0.153125 0.854812 0.153125 0.937971 0.157812 0.937971 0.159375 0.940743 0.159375 0.949059 0.160937 0.951831 0.160937 0.962918 0.1625 0.96569 0.1625 0.976778 0.164062 0.97955 0.164062 0.982322 0.165625 0.985094 0.165625 0.990638 0.167187 0.99341 0.167187 1 0.257812 1 0.257812 0.976778 0.253125 0.976778 0.251563 0.974006 0.251563 0.971234 0.25 0.968462 0.25 0.957374 0.248438 0.954602 0.248438 0.943515 0.246875 0.940743 0.246875 0.932427 0.245312 0.929655 0.245312 0.921339 0.24375 0.918567 0.24375 0.907479 0.242188 0.904707 0.242188 0.890847 0.240625 0.888075 0.240625 0.882531 0.239062 0.879759 0.239062 0.876987 0.2375 0.874215 0.2375 0.868671 0.235937 0.8659 0.235937 0.860356 0.234375 0.857584 0.234375 0.849268 0.232813 0.846496 0.232813 0.840952 0.23125 0.83818 0.23125 0.835408 0.229687 0.832636 0.229687 0.82432 0.228125 0.821548 0.228125 0.813232 0.226562 0.81046 0.226562 0.807688 0.223437 0.802144 0.223437 0.785513 0.225 0.782741 0.225 0.741161 0.223437 0.738389 0.223437 0.710669 0.221875 0.707897 0.221875 0.702354 0.220312 0.699582 0.220312 0.69681 0.21875 0.694038 0.21875 0.68295 0.855286 455
2 0.01875 0.505544 0.01875 0.51386 0.015625 0.519404 0.009375 0.519404 0.009375 0.541579 0.0140625 0.541579 0.015625 0.544352 0.0171875 0.544352 0.0203125 0.549895 0.021875 0.549895 0.0234375 0.552667 0.034375 0.552667 0.0359375 0.555439 0.0421875 0.555439 0.04375 0.558211 0.046875 0.558211 0.0484375 0.555439 0.0515625 0.555439 0.053125 0.552667 0.0625 0.552667 0.0640625 0.555439 0.065625 0.555439 0.0671875 0.552667 0.071875 0.552667 0.075 0.547123 0.075 0.536036 0.071875 0.530492 0.071875 0.52772 0.06875 0.522176 0.0671875 0.522176 0.065625 0.519404 0.0640625 0.519404 0.0609375 0.51386 0.0609375 0.505544 0.723051 472
0 0.146875 0.47228 0.146875 0.547123 0.159375 0.547123 0.159375 0.52772 0.160937 0.524948 0.160937 0.522176 0.159375 0.519404 0.159375 0.516632 0.160937 0.51386 0.160937 0.488912 0.159375 0.48614 0.159375 0.47228 0.562765 473
0 0.0921875 0.605335 0.0921875 0.613651 0.090625 0.616423 0.090625 0.644142 0.0890625 0.646914 0.0890625 0.649686 0.084375 0.658002 0.078125 0.658002 0.078125 0.743933 0.0828125 0.743933 0.084375 0.746705 0.084375 0.752249 0.0859375 0.755021 0.0859375 0.774425 0.0875 0.777197 0.0875 0.785513 0.0890625 0.788284 0.0890625 0.793828 0.090625 0.7966 0.090625 0.799372 0.0921875 0.802144 0.0921875 0.807688 0.09375 0.81046 0.09375 0.821548 0.0953125 0.82432 0.0953125 0.832636 0.096875 0.835408 0.096875 0.846496 0.0984375 0.849268 0.0984375 0.8659 0.1 0.868671 0.1 0.879759 0.101562 0.882531 0.101562 0.890847 0.103125 0.893619 0.103125 0.901935 0.104688 0.904707 0.104688 0.910251 0.10625 0.913023 0.10625 0.915795 0.107812 0.918567 0.107812 0.924111 0.109375 0.926883 0.109375 0.932427 0.110937 0.935199 0.110937 0.940743 0.115625 0.949059 0.117188 0.946287 0.120313 0.946287 0.128125 0.960146 0.128125 0.968462 0.129688 0.968462 0.129688 0.960146 0.13125 0.957374 0.134375 0.957374 0.135937 0.954602 0.140625 0.954602 0.142187 0.951831 0.145313 0.951831 0.148438 0.946287 0.14375 0.937971 0.142187 0.937971 0.139062 0.932427 0.139062 0.929655 0.1375 0.926883 0.1375 0.921339 0.135937 0.918567 0.135937 0.910251 0.129688 0.899163 0.128125 0.899163 0.126562 0.896391 0.125 0.896391 0.121875 0.890847 0.121875 0.888075 0.120313 0.885303 0.120313 0.882531 0.11875 0.879759 0.11875 0.863128 0.117188 0.860356 0.117188 0.857584 0.11875 0.854812 0.11875 0.840952 0.120313 0.83818 0.120313 0.835408 0.125 0.827092 0.125 0.82432 0.126562 0.821548 0.126562 0.818776 0.129688 0.813232 0.129688 0.81046 0.13125 0.807688 0.13125 0.804916 0.132812 0.802144 0.132812 0.793828 0.13125 0.791056 0.13125 0.782741 0.129688 0.779969 0.129688 0.774425 0.128125 0.771653 0.128125 0.763337 0.126562 0.760565 0.126562 0.755021 0.125 0.752249 0.125 0.743933 0.123437 0.741161 0.123437 0.721757 0.121875 0.718985 0.121875 0.707897 0.120313 0.705126 0.120313 0.69681 0.11875 0.694038 0.11875 0.688494 0.117188 0.685722 0.117188 0.680178 0.114062 0.674634 0.114062 0.671862 0.1125 0.66909 0.1125 0.658002 0.115625 0.652458 0.115625 0.635826 0.114062 0.633054 0.114062 0.621967 0.1125 0.619195 0.1125 0.605335 0.778724 4
2 0.003125 0.538808 0.003125 0.602563 0.0140625 0.602563 0.0140625 0.591475 0.0171875 0.585931 0.01875 0.585931 0.021875 0.580387 0.0265625 0.580387 0.0265625 0.555439 0.021875 0.555439 0.0171875 0.547123 0.0171875 0.538808 0.757189 487
0 0.740625 0.47228 0.740625 0.536036 0.753125 0.536036 0.753125 0.47228 0.359308 431
0 0.995312 0.649686 0.995312 0.660774 0.99375 0.663546 0.99375 0.66909 0.992188 0.671862 0.992188 0.677406 0.990625 0.680178 0.990625 0.688494 0.989062 0.691266 0.989062 0.707897 0.9875 0.710669 0.9875 0.727301 0.985938 0.730073 0.985938 0.741161 0.984375 0.743933 0.984375 0.752249 0.982812 0.755021 0.982812 0.766109 0.98125 0.768881 0.98125 0.779969 0.979687 0.782741 0.979687 0.793828 0.978125 0.7966 0.978125 0.804916 0.976562 0.807688 0.976562 0.813232 0.975 0.816004 0.975 0.82432 0.973437 0.827092 0.973437 0.832636 0.971875 0.835408 0.971875 0.840952 0.970313 0.843724 0.970313 0.846496 0.965625 0.854812 0.965625 0.857584 0.960938 0.8659 0.960938 0.868671 0.95625 0.876987 0.95625 0.879759 0.951562 0.888075 0.946875 0.888075 0.946875 0.940743 0.959375 0.940743 0.960938 0.943515 0.9625 0.943515 0.964062 0.946287 0.965625 0.946287 0.967187 0.949059 0.967187 0.957374 0.979687 0.957374 0.979687 0.949059 0.982812 0.943515 0.9875 0.943515 0.989062 0.940743 0.99375 0.940743 0.995312 0.937971 0.998437 0.937971 0.998437 0.649686 0.477265 405
9 0.003125 0.217259 0.003125 0.300418 0.009375 0.300418 0.0109375 0.297646 0.0125 0.297646 0.015625 0.292103 0.015625 0.289331 0.0171875 0.286559 0.0171875 0.264383 0.01875 0.261611 0.01875 0.217259 0.28415 15
9 0.953125 0.0287657 0.953125 0.186768 0.957812 0.186768 0.959375 0.18954 0.959375 0.192312 0.9625 0.197856 0.9625 0.200628 0.964062 0.200628 0.965625 0.2034 0.967187 0.2034 0.96875 0.206172 0.970313 0.206172 0.971875 0.208944 0.975 0.208944 0.976562 0.211715 0.979687 0.211715 0.98125 0.214487 0.990625 0.214487 0.992188 0.211715 0.995312 0.211715 0.996875 0.208944 0.998437 0.208944 0.998437 0.0287657 0.287825 19
