1 0.1686 0.3300 0.1629 0.3325 0.1586 0.3425 0.1571 0.3550 0.1543 0.3600 0.1500 0.3600 0.1443 0.3700 0.1329 0.4125 0.1286 0.4200 0.1329 0.4250 0.1314 0.4500 0.1286 0.4525 0.1286 0.4450 0.1257 0.4425 0.1286 0.5175 0.1429 0.5350 0.1543 0.5375 0.1557 0.5450 0.1214 0.5975 0.1214 0.6075 0.1314 0.6300 0.1357 0.6300 0.1429 0.5975 0.1557 0.5775 0.1586 0.5775 0.1600 0.6525 0.1757 0.6575 0.1886 0.6550 0.1929 0.6500 0.1929 0.6450 0.1900 0.6375 0.1814 0.6350 0.1743 0.6175 0.1771 0.5800 0.1800 0.5750 0.1786 0.5625 0.1814 0.5425 0.1829 0.5000 0.1814 0.4625 0.1857 0.4525 0.1857 0.4375 0.1757 0.4225 0.1771 0.4075 0.1729 0.3925 0.1857 0.3625 0.1857 0.3450 0.1800 0.3325 0.1743 0.3300
1 0.2557 0.1800 0.2457 0.1950 0.2457 0.2250 0.2300 0.2475 0.2271 0.3100 0.2314 0.3150 0.2286 0.3200 0.2314 0.3250 0.2257 0.3525 0.2300 0.3800 0.2300 0.3950 0.2271 0.4050 0.2271 0.4175 0.2129 0.4650 0.2114 0.4800 0.2043 0.5000 0.2029 0.5200 0.2071 0.5275 0.2314 0.5275 0.2314 0.5200 0.2257 0.5200 0.2186 0.5075 0.2186 0.5000 0.2500 0.4075 0.2529 0.4075 0.2586 0.4175 0.2643 0.4500 0.2729 0.4500 0.2757 0.4425 0.2729 0.3950 0.2657 0.3600 0.2657 0.2800 0.2600 0.2575 0.2600 0.2500 0.2629 0.2450 0.2671 0.2475 0.2714 0.2250 0.2714 0.1950 0.2671 0.1850 0.2614 0.1800
1 0.2900 0.4000 0.2814 0.4075 0.2786 0.4200 0.2786 0.4400 0.2729 0.4525 0.2686 0.4550 0.2629 0.4900 0.2629 0.5300 0.2657 0.5625 0.2614 0.5750 0.2629 0.6075 0.2600 0.6125 0.2629 0.6175 0.2714 0.6200 0.2743 0.6300 0.2671 0.6625 0.2557 0.6750 0.2557 0.6875 0.2671 0.7225 0.2700 0.7250 0.2743 0.7200 0.2743 0.7125 0.2771 0.7075 0.2986 0.7000 0.2986 0.6950 0.2900 0.6925 0.2857 0.6775 0.2914 0.6650 0.3014 0.6550 0.3100 0.6400 0.3100 0.6225 0.3071 0.6125 0.3071 0.5975 0.3100 0.5925 0.3100 0.5825 0.3071 0.5750 0.3086 0.5575 0.3000 0.4900 0.3057 0.4800 0.3071 0.4700 0.2986 0.4725 0.2957 0.4650 0.3057 0.4425 0.3057 0.4150 0.3000 0.4050 0.2914 0.4000
1 0.4257 0.1525 0.4200 0.1575 0.4157 0.1700 0.4171 0.1925 0.4086 0.2100 0.4057 0.2250 0.4043 0.2850 0.4014 0.3075 0.3971 0.3200 0.4014 0.3450 0.3986 0.3750 0.4000 0.3800 0.3914 0.3850 0.3871 0.3925 0.3886 0.3950 0.3629 0.4350 0.3571 0.4475 0.3571 0.4550 0.3629 0.4625 0.3714 0.4600 0.3800 0.4450 0.3800 0.4375 0.3914 0.4175 0.4014 0.4075 0.4200 0.3725 0.4300 0.3950 0.4314 0.4075 0.4414 0.4400 0.4429 0.4550 0.4486 0.4700 0.4471 0.4725 0.4500 0.4700 0.4529 0.4750 0.4571 0.4725 0.4600 0.4600 0.4543 0.4425 0.4500 0.4525 0.4457 0.4475 0.4457 0.4400 0.4500 0.4400 0.4500 0.4300 0.4471 0.4225 0.4471 0.3875 0.4386 0.3325 0.4414 0.2925 0.4400 0.2775 0.4429 0.2725 0.4471 0.2725 0.4700 0.2800 0.4700 0.2725 0.4614 0.2675 0.4571 0.2575 0.4443 0.2475 0.4357 0.2325 0.4343 0.2125 0.4400 0.2025 0.4386 0.1850 0.4414 0.1650 0.4386 0.1575 0.4329 0.1525
1 0.5229 0.0200 0.5171 0.0300 0.5171 0.0425 0.5129 0.0575 0.5057 0.0625 0.5014 0.0725 0.5000 0.1150 0.4971 0.1325 0.4900 0.1500 0.4857 0.1750 0.4871 0.1950 0.4971 0.2275 0.4871 0.2700 0.4843 0.3075 0.4943 0.3150 0.5057 0.3150 0.5014 0.2975 0.5014 0.2775 0.5171 0.2375 0.5229 0.2400 0.5286 0.2975 0.5400 0.2975 0.5443 0.2925 0.5457 0.2850 0.5414 0.2750 0.5429 0.2700 0.5400 0.2675 0.5400 0.2550 0.5357 0.2400 0.5357 0.2275 0.5386 0.2175 0.5386 0.2000 0.5343 0.1800 0.5343 0.1650 0.5371 0.1525 0.5357 0.1300 0.5414 0.1200 0.5357 0.1075 0.5329 0.0875 0.5329 0.0700 0.5357 0.0675 0.5414 0.0450 0.5414 0.0275 0.5371 0.0200
1 0.6271 0.1575 0.6186 0.1700 0.6143 0.1850 0.6143 0.1975 0.6029 0.2150 0.5986 0.2275 0.6057 0.2500 0.6057 0.2825 0.6100 0.3025 0.6043 0.3250 0.6043 0.3650 0.5986 0.3875 0.6000 0.4325 0.6057 0.4450 0.6114 0.4350 0.6114 0.4075 0.6171 0.4000 0.6214 0.3775 0.6257 0.3725 0.6257 0.3600 0.6343 0.3575 0.6386 0.2925 0.6343 0.2325 0.6286 0.2150 0.6400 0.2000 0.6457 0.1825 0.6443 0.1725 0.6371 0.1575
1 0.5871 0.3250 0.5757 0.3425 0.5743 0.3550 0.5643 0.3750 0.5629 0.4000 0.5629 0.4100 0.5729 0.4150 0.5786 0.4225 0.5829 0.4700 0.5857 0.4725 0.5900 0.4900 0.5871 0.5100 0.5800 0.5050 0.5800 0.5125 0.5886 0.5150 0.5871 0.5225 0.5800 0.5225 0.5800 0.5300 0.5886 0.5325 0.5814 0.5400 0.5814 0.5900 0.5929 0.5900 0.5943 0.5850 0.5886 0.5650 0.5914 0.5575 0.5900 0.5475 0.5929 0.5075 0.5971 0.5050 0.6043 0.5200 0.6114 0.5200 0.6114 0.5075 0.6071 0.5025 0.6000 0.4675 0.6000 0.4200 0.5971 0.3900 0.5929 0.3825 0.5957 0.3675 0.6029 0.3550 0.6029 0.3400 0.6000 0.3325 0.5886 0.3275
1 0.5586 0.4125 0.5471 0.4325 0.5514 0.4600 0.5443 0.4700 0.5400 0.4825 0.5343 0.5550 0.5286 0.5825 0.5300 0.6025 0.5371 0.6275 0.5329 0.6825 0.5443 0.6800 0.5471 0.6750 0.5471 0.6650 0.5557 0.6500 0.5714 0.6500 0.5729 0.5925 0.5771 0.5800 0.5757 0.5750 0.5786 0.5500 0.5786 0.5200 0.5743 0.4950 0.5757 0.4775 0.5786 0.4725 0.5786 0.4300 0.5757 0.4275 0.5743 0.4175 0.5671 0.4125
1 0.7829 0.2625 0.7743 0.2750 0.7729 0.2925 0.7700 0.3000 0.7529 0.3100 0.7414 0.3450 0.7314 0.3625 0.7314 0.3675 0.7229 0.3850 0.7229 0.3925 0.7314 0.3925 0.7514 0.4350 0.7457 0.4600 0.7229 0.4975 0.7129 0.5200 0.7143 0.5250 0.7071 0.5275 0.7086 0.5400 0.7129 0.5400 0.7157 0.5475 0.7229 0.5500 0.7271 0.5500 0.7343 0.5425 0.7300 0.5375 0.7286 0.5225 0.7457 0.4975 0.7600 0.4575 0.7614 0.4400 0.7800 0.4150 0.7914 0.3925 0.7943 0.3800 0.8014 0.3700 0.7929 0.3475 0.7929 0.3375 0.7843 0.3275 0.7843 0.3200 0.7929 0.3125 0.8029 0.2925 0.8029 0.2775 0.7943 0.2625
1 0.8029 0.3725 0.7971 0.3800 0.7900 0.4000 0.7914 0.4075 0.7714 0.4275 0.7557 0.4825 0.7557 0.4975 0.7643 0.5050 0.7643 0.5150 0.7557 0.5550 0.7557 0.5725 0.7586 0.5875 0.7671 0.6050 0.7643 0.6225 0.7643 0.6450 0.7686 0.6450 0.7714 0.6400 0.7714 0.6325 0.7686 0.6300 0.7714 0.6225 0.7714 0.6175 0.7686 0.6150 0.7700 0.6100 0.7757 0.6100 0.7786 0.6150 0.7786 0.6225 0.7786 0.6125 0.7857 0.6050 0.7914 0.5925 0.7986 0.5875 0.8029 0.5900 0.8000 0.5900 0.8000 0.5850 0.8071 0.5850 0.8157 0.4775 0.8157 0.4550 0.8114 0.4475 0.8100 0.4375 0.8129 0.4225 0.8214 0.4100 0.8229 0.3925 0.8214 0.3800 0.8157 0.3725
1 0.9229 0.4275 0.9114 0.4400 0.9114 0.4725 0.9071 0.4775 0.8914 0.4800 0.8843 0.5000 0.8729 0.5175 0.8557 0.5650 0.8643 0.5675 0.8771 0.5475 0.8814 0.5500 0.8814 0.5575 0.8743 0.5850 0.8729 0.6050 0.8743 0.6200 0.8871 0.6450 0.8800 0.6575 0.8800 0.6725 0.8329 0.7450 0.8329 0.7525 0.8371 0.7625 0.8457 0.7700 0.8643 0.7500 0.8714 0.7275 0.8800 0.7200 0.8814 0.7125 0.8957 0.6975 0.9014 0.6850 0.9129 0.6875 0.9143 0.6900 0.9114 0.6975 0.9157 0.7050 0.9143 0.7150 0.9243 0.7175 0.9229 0.7075 0.9157 0.7050 0.9200 0.7000 0.9171 0.6825 0.9200 0.6725 0.9200 0.6500 0.9171 0.6450 0.9229 0.6375 0.9229 0.6250 0.9271 0.6075 0.9329 0.6100 0.9343 0.6150 0.9529 0.6350 0.9586 0.6375 0.9614 0.6300 0.9586 0.6150 0.9400 0.5775 0.9357 0.5500 0.9371 0.5350 0.9300 0.5075 0.9300 0.4900 0.9386 0.4725 0.9429 0.4475 0.9329 0.4300 0.9257 0.4275