0 0.8222 0.7750 0.7833 0.7806 0.7667 0.7972 0.7426 0.8111 0.7278 0.8250 0.7056 0.8250 0.6759 0.8361 0.6444 0.8583 0.6370 0.8833 0.6370 0.9000 0.6444 0.9139 0.6537 0.9194 0.6833 0.9222 0.7037 0.9361 0.7315 0.9361 0.7407 0.9194 0.7481 0.9167 0.8759 0.9111 0.8778 0.8917 0.8815 0.8861 0.8815 0.8722 0.8716 0.7821 0.9189 0.7999 0.9234 0.8586 0.9271 0.8723 0.9207 0.8819 0.9198 0.8862 0.9244 0.8889 0.9299 0.9041 0.9317 0.9137 0.9352 0.9124 0.9279 0.9235 0.9245 0.9264 0.9185 0.9361 0.9296 0.9333 0.9389 0.9056 0.9648 0.9056 0.9741 0.9000 0.9796 0.8917 0.9796 0.8778 0.9852 0.8722 0.9852 0.8417 0.9741 0.8194 0.9426 0.8139 0.9148 0.7944 0.8815 0.7806 0.8352 0.7750
0 0.9185 0.6778 0.8981 0.6806 0.8815 0.7194 0.8796 0.7639 0.8926 0.7750 0.9167 0.7750 0.9185 0.7833 0.9222 0.7778 0.9500 0.7833 0.9556 0.7972 0.9685 0.8028 0.9741 0.7972 0.9778 0.7833 0.9796 0.7250 0.9759 0.7028 0.9704 0.6889 0.9444 0.6806 0.9204 0.6806
0 0.2981 0.6889 0.2944 0.6944 0.2537 0.6972 0.2463 0.7028 0.2259 0.7056 0.2167 0.7139 0.2148 0.7444 0.2093 0.7722 0.2093 0.8444 0.2796 0.8444 0.2833 0.8278 0.2815 0.8250 0.2852 0.8167 0.2926 0.8167 0.2981 0.8250 0.3037 0.8250 0.3093 0.8167 0.3148 0.8222 0.3204 0.8111 0.3167 0.8083 0.3148 0.7972 0.3370 0.7889 0.3333 0.7639 0.3296 0.7583 0.3296 0.7417 0.3259 0.7444 0.3278 0.7639 0.3204 0.7667 0.3167 0.7611 0.3093 0.7333 0.3185 0.7306 0.3185 0.7222 0.3167 0.7194 0.3093 0.7306 0.3074 0.7278 0.3074 0.7167 0.3000 0.6917
0 0.4241 0.7000 0.4167 0.7056 0.4037 0.7028 0.4000 0.7083 0.4037 0.7111 0.3981 0.7139 0.3926 0.7250 0.3907 0.7472 0.3778 0.7806 0.3796 0.7917 0.3870 0.8000 0.3926 0.7944 0.4000 0.7972 0.4130 0.7944 0.4185 0.7889 0.4704 0.7917 0.4870 0.7806 0.4889 0.7611 0.4778 0.7389 0.4815 0.7167 0.4722 0.7167 0.4574 0.7028 0.4463 0.7056 0.4444 0.7000
0 0.4519 0.5750 0.4019 0.5861 0.3981 0.6028 0.3889 0.6139 0.3852 0.6417 0.3870 0.6528 0.3907 0.6528 0.3944 0.6639 0.4111 0.6583 0.4204 0.6667 0.4463 0.6694 0.4815 0.6806 0.4870 0.6750 0.5000 0.6722 0.5019 0.6528 0.4981 0.6417 0.5000 0.6222 0.4963 0.6056 0.4907 0.5972 0.4852 0.5778 0.4574 0.5750
0 0.1704 0.6917 0.1407 0.7028 0.1259 0.7417 0.1259 0.7778 0.1296 0.7750 0.1333 0.7806 0.1537 0.7806 0.1574 0.7917 0.1630 0.7972 0.1944 0.7917 0.1963 0.8083 0.1963 0.7972 0.2019 0.7917 0.2037 0.7750 0.2111 0.7556 0.2130 0.7139 0.2074 0.7056 0.2111 0.7000 0.2037 0.6944 0.1852 0.6917
0 0.3778 0.6722 0.3519 0.6778 0.3296 0.6944 0.3278 0.7222 0.3370 0.7389 0.3426 0.7389 0.3426 0.7472 0.3463 0.7528 0.3444 0.7806 0.3481 0.7917 0.3519 0.7806 0.3648 0.7861 0.3759 0.7778 0.3759 0.7667 0.3870 0.7472 0.3907 0.7194 0.3963 0.7111 0.4000 0.6944 0.4111 0.6833 0.3981 0.6722
0 0.8426 0.6639 0.8315 0.7056 0.8315 0.7306 0.8241 0.7361 0.8241 0.7583 0.8296 0.7667 0.8444 0.7694 0.8778 0.7694 0.8796 0.7194 0.8870 0.7083 0.8926 0.6861 0.8926 0.6806 0.8889 0.6861 0.8500 0.6833 0.8463 0.6750 0.8519 0.6694 0.8593 0.6750 0.8667 0.6722 0.8648 0.6667 0.8500 0.6639
0 0.4852 0.7111 0.4815 0.7167 0.4574 0.7139 0.4352 0.7194 0.4370 0.7278 0.4333 0.7333 0.4333 0.7417 0.4278 0.7306 0.4148 0.7361 0.4074 0.7333 0.4074 0.7472 0.4185 0.7500 0.4111 0.7583 0.4093 0.7667 0.4000 0.7667 0.3926 0.7583 0.3833 0.7667 0.3815 0.7778 0.3889 0.7778 0.3907 0.7722 0.3963 0.7722 0.3981 0.7778 0.3926 0.7833 0.3889 0.7944 0.3796 0.7972 0.3833 0.8083 0.3759 0.8139 0.3796 0.8167 0.3852 0.8111 0.3944 0.8167 0.3889 0.8250 0.3778 0.8250 0.3815 0.8278 0.3796 0.8361 0.3759 0.8444 0.3722 0.8444 0.3778 0.8694 0.3759 0.8778 0.3796 0.8861 0.3963 0.8861 0.4111 0.8917 0.4759 0.8833 0.5852 0.8861 0.6130 0.8833 0.6204 0.8750 0.6296 0.8917 0.6370 0.8583 0.6574 0.8417 0.6630 0.8417 0.6704 0.8333 0.6870 0.8250 0.7278 0.8194 0.7667 0.7917 0.7759 0.7806 0.7944 0.7778 0.8111 0.7694 0.8000 0.7667 0.7926 0.7556 0.7833 0.7500 0.7796 0.7417 0.7796 0.7278 0.7741 0.7194 0.6315 0.7194 0.6185 0.7139 0.5907 0.7167 0.5537 0.7111 0.5167 0.7167 0.4907 0.7111
0 0.6167 0.4333 0.6130 0.4444 0.6056 0.4528 0.6056 0.4778 0.6241 0.4833 0.6407 0.4806 0.6463 0.4722 0.6426 0.4444 0.6278 0.4333
0 0.5519 0.4278 0.5481 0.4306 0.5500 0.4389 0.5444 0.4444 0.5426 0.4611 0.5426 0.4806 0.5481 0.4861 0.5815 0.4833 0.5870 0.4750 0.5870 0.4417 0.5796 0.4306 0.5648 0.4278
0 0.4370 0.4667 0.4204 0.4722 0.4074 0.4972 0.4111 0.5083 0.4111 0.5306 0.4167 0.5333 0.4556 0.5278 0.4556 0.4944 0.4463 0.4667
0 0.4352 0.4667 0.4204 0.4722 0.4148 0.4889 0.4074 0.4972 0.4111 0.5083 0.4111 0.5278 0.4241 0.5306 0.4556 0.5278 0.4556 0.4917 0.4537 0.4806 0.4463 0.4667
1 0.2870 0.8194 0.2833 0.8361 0.2852 0.8667 0.2815 0.8750 0.2815 0.9250 0.2852 0.9528 0.2852 0.9806 0.2815 0.9861 0.2833 0.9944 0.2889 0.9944 0.2926 0.9833 0.2926 0.9556 0.2963 0.9444 0.2981 0.9139 0.3074 0.8889 0.3093 0.8611 0.3130 0.8556 0.3111 0.8333 0.2981 0.8306 0.2907 0.8194
1 0.3130 0.8556 0.3074 0.9000 0.3111 0.9194 0.3093 0.9444 0.3204 0.9750 0.3185 0.9889 0.3278 0.9889 0.3296 0.9778 0.3222 0.9444 0.3259 0.9111 0.3241 0.8750 0.3167 0.8611
1 0.8907 0.7917 0.8870 0.8306 0.8907 0.8472 0.8889 0.8556 0.8833 0.8611 0.8852 0.8639 0.8796 0.8861 0.8778 0.9250 0.8741 0.9333 0.8759 0.9528 0.8870 0.9528 0.8926 0.9222 0.9000 0.9111 0.9037 0.9167 0.8981 0.8750 0.9056 0.8611 0.9074 0.8361 0.9037 0.8139 0.8926 0.7917