0 0.7362 0.7778 0.7212 0.7844 0.7150 0.7978 0.7100 0.8178 0.7063 0.8467 0.7063 0.8822 0.7075 0.8867 0.7338 0.8844 0.7688 0.8933 0.7750 0.8933 0.7788 0.8822 0.7788 0.8444 0.7762 0.8333 0.7762 0.8200 0.7738 0.8133 0.7750 0.8089 0.7675 0.7867 0.7638 0.7822 0.7512 0.7778
0 0.8650 0.8200 0.8612 0.8244 0.8562 0.8422 0.8525 0.8467 0.8512 0.8644 0.8550 0.8689 0.8550 0.8800 0.8600 0.8844 0.8612 0.8933 0.8788 0.8978 0.9150 0.8956 0.9137 0.8911 0.9038 0.8956 0.9000 0.8889 0.9075 0.8822 0.9150 0.8867 0.9200 0.8800 0.9225 0.8844 0.9187 0.8667 0.9187 0.8533 0.9150 0.8467 0.8600 0.8467 0.8600 0.8422 0.8650 0.8422 0.8712 0.8311 0.8762 0.8378 0.9012 0.8356 0.9038 0.8400 0.9075 0.8333 0.9113 0.8378 0.9113 0.8289 0.9075 0.8244 0.9038 0.8267 0.8950 0.8200 0.8838 0.8267 0.8812 0.8222 0.8688 0.8244 0.8662 0.8200
0 0.5837 0.6200 0.5750 0.6311 0.5687 0.6489 0.5663 0.6978 0.5750 0.7022 0.6025 0.7000 0.6175 0.7067 0.6200 0.7022 0.6200 0.6511 0.6162 0.6356 0.6112 0.6267 0.5925 0.6200
0 0.6975 0.7311 0.6887 0.7467 0.6850 0.7467 0.6825 0.7733 0.6850 0.7956 0.6937 0.7911 0.6950 0.7933 0.6913 0.7978 0.7075 0.7978 0.7050 0.7956 0.7063 0.7911 0.7137 0.7911 0.7238 0.7756 0.7400 0.7756 0.7450 0.7711 0.7438 0.7511 0.7350 0.7356 0.6987 0.7333
0 0.7000 0.6489 0.6913 0.6533 0.6925 0.6600 0.6900 0.6711 0.6850 0.6733 0.6813 0.6800 0.6800 0.7311 0.6837 0.7422 0.6863 0.7289 0.6925 0.7200 0.6950 0.7111 0.7025 0.7067 0.7188 0.7067 0.7300 0.7156 0.7362 0.7156 0.7412 0.7311 0.7438 0.7311 0.7450 0.6844 0.7362 0.6600 0.7312 0.6511 0.7013 0.6489
0 0.8125 0.6022 0.8025 0.6067 0.7975 0.6222 0.7937 0.6267 0.7913 0.6489 0.7913 0.6756 0.7937 0.6800 0.8100 0.6756 0.8363 0.6822 0.8450 0.6800 0.8462 0.6289 0.8363 0.6089 0.8187 0.6022
0 0.6900 0.5800 0.6775 0.5822 0.6737 0.5911 0.6750 0.5956 0.6675 0.6022 0.6687 0.6378 0.6725 0.6311 0.6975 0.6311 0.7087 0.6356 0.7125 0.6311 0.7125 0.6044 0.7050 0.5867 0.6937 0.5800
0 0.7600 0.5622 0.7500 0.5867 0.7475 0.6022 0.7475 0.6244 0.7575 0.6244 0.7638 0.6200 0.7875 0.6200 0.7900 0.6267 0.7950 0.6178 0.7963 0.5956 0.7987 0.5933 0.7987 0.5867 0.7950 0.5822 0.7925 0.5711 0.7850 0.5622
0 0.6062 0.5289 0.5975 0.5333 0.5962 0.5578 0.5913 0.5711 0.5875 0.5644 0.5837 0.5800 0.5913 0.5889 0.5938 0.5822 0.6138 0.5822 0.6262 0.5911 0.6275 0.5889 0.6262 0.5733 0.6225 0.5778 0.6200 0.5667 0.6088 0.5511 0.6075 0.5311
0 0.6975 0.5333 0.6763 0.5356 0.6675 0.5467 0.6663 0.5622 0.6687 0.5867 0.6763 0.5778 0.6825 0.5756 0.6975 0.5756 0.7037 0.5778 0.7087 0.5844 0.7113 0.5600 0.7100 0.5556 0.7125 0.5511 0.7037 0.5333
0 0.2950 0.5467 0.2925 0.5533 0.2787 0.5622 0.2725 0.5778 0.2700 0.6022 0.2712 0.6222 0.3125 0.6222 0.3175 0.6311 0.3212 0.6267 0.3200 0.5756 0.3113 0.5578 0.3063 0.5578 0.3063 0.5511 0.2988 0.5467
0 0.3900 0.5911 0.3800 0.5933 0.3762 0.5978 0.3738 0.6444 0.3713 0.6533 0.3713 0.6644 0.3775 0.6711 0.3812 0.6822 0.3850 0.6844 0.4000 0.6778 0.4250 0.6800 0.4263 0.6756 0.4263 0.6222 0.4188 0.6022 0.4100 0.5911
0 0.1512 0.5022 0.1288 0.5044 0.1263 0.5089 0.1200 0.5311 0.1200 0.5422 0.1288 0.5689 0.1375 0.5689 0.1450 0.5644 0.1588 0.5667 0.1663 0.5600 0.1663 0.5044 0.1537 0.5022
0 0.0988 0.6667 0.0938 0.6711 0.0925 0.7222 0.0950 0.7400 0.1163 0.7444 0.1263 0.7533 0.1338 0.7511 0.1375 0.7444 0.1400 0.7156 0.1388 0.6978 0.1338 0.6800 0.1288 0.6711 0.1225 0.6667
0 0.1663 0.7644 0.1575 0.7689 0.1525 0.7822 0.1500 0.7978 0.1437 0.8111 0.1425 0.8844 0.1450 0.8889 0.1688 0.8889 0.1762 0.8733 0.1800 0.8711 0.1800 0.8644 0.1762 0.8556 0.1737 0.8400 0.1750 0.8222 0.1787 0.8111 0.1888 0.7978 0.1888 0.7711 0.1875 0.7667 0.1800 0.7644
0 0.0400 0.7200 0.0175 0.7267 0.0112 0.7378 0.0100 0.7511 0.0288 0.7533 0.0362 0.7644 0.0462 0.7933 0.0500 0.8222 0.0600 0.8289 0.0688 0.8244 0.0688 0.8200 0.0663 0.8200 0.0625 0.8133 0.0712 0.8111 0.0750 0.7667 0.0650 0.7333 0.0563 0.7244 0.0413 0.7200
0 0.0050 0.7556 0.0000 0.7578 0.0000 0.8711 0.0288 0.8689 0.0325 0.8822 0.0387 0.8867 0.0437 0.8800 0.0462 0.8689 0.0488 0.8089 0.0450 0.8000 0.0450 0.7911 0.0300 0.7600 0.0112 0.7556
0 0.0512 0.5356 0.0400 0.5422 0.0362 0.5489 0.0338 0.5622 0.0350 0.5822 0.0288 0.6244 0.0312 0.6778 0.0575 0.6778 0.0638 0.6756 0.0638 0.6711 0.0750 0.6711 0.0762 0.6422 0.0800 0.6333 0.0800 0.6111 0.0775 0.6000 0.0775 0.5400 0.0725 0.5356
0 0.1013 0.5289 0.0975 0.5311 0.0950 0.5378 0.0950 0.5511 0.0975 0.5600 0.0963 0.5933 0.0988 0.6067 0.1225 0.6067 0.1263 0.5933 0.1263 0.5689 0.1250 0.5622 0.1212 0.5578 0.1187 0.5333 0.1050 0.5289