0 0.2970 0.4960 0.2818 0.4987 0.2591 0.5202 0.2545 0.5337 0.2455 0.5472 0.2333 0.5903 0.2242 0.6065 0.2152 0.6334 0.2167 0.6388 0.2076 0.6765 0.1939 0.7116 0.1909 0.7385 0.1879 0.7439 0.1879 0.7763 0.1924 0.7978 0.2015 0.8140 0.2076 0.8167 0.2621 0.8167 0.2742 0.8113 0.2879 0.8113 0.3015 0.7978 0.3091 0.7817 0.3121 0.7682 0.3152 0.7251 0.3212 0.7062 0.3273 0.6685 0.3318 0.6577 0.3348 0.6334 0.3455 0.6119 0.3455 0.5499 0.3409 0.5175 0.3333 0.5013 0.3061 0.4960
0 0.4455 0.4987 0.4318 0.5040 0.4227 0.5229 0.4091 0.6119 0.4061 0.6173 0.4061 0.6280 0.4030 0.6388 0.3939 0.6496 0.4030 0.6604 0.4015 0.6900 0.3955 0.7251 0.3955 0.7682 0.3985 0.7978 0.4030 0.8140 0.4258 0.8302 0.4773 0.8275 0.4924 0.8140 0.5015 0.7951 0.5045 0.7655 0.5030 0.6604 0.5091 0.6442 0.5015 0.6092 0.5015 0.5741 0.4939 0.5337 0.4939 0.5202 0.4848 0.5013 0.4742 0.4987
0 0.5939 0.3396 0.5758 0.3450 0.5697 0.3558 0.5667 0.3693 0.5667 0.4340 0.5727 0.4447 0.5788 0.5040 0.5742 0.5202 0.5712 0.5526 0.5697 0.6173 0.5758 0.6550 0.5803 0.6685 0.5833 0.6981 0.5879 0.7062 0.5894 0.7736 0.5985 0.7951 0.6212 0.8140 0.6939 0.8113 0.6985 0.8059 0.7061 0.7736 0.7076 0.7251 0.7045 0.6981 0.6924 0.6523 0.6924 0.6442 0.7000 0.6253 0.6939 0.6173 0.6833 0.6173 0.6742 0.5741 0.6500 0.5040 0.6485 0.4906 0.6515 0.4852 0.6500 0.4798 0.6530 0.4690 0.6500 0.4609 0.6485 0.4367 0.6424 0.4070 0.6455 0.4016 0.6394 0.3989 0.6409 0.3935 0.6333 0.3720 0.6197 0.3477 0.5970 0.3396
0 0.7667 0.4474 0.7545 0.4528 0.7394 0.4825 0.7348 0.5067 0.7333 0.5795 0.7394 0.5903 0.7515 0.5957 0.7621 0.6226 0.7712 0.6577 0.7773 0.6685 0.7818 0.7116 0.7909 0.7358 0.8045 0.7385 0.8152 0.7493 0.8409 0.7574 0.8864 0.7574 0.9000 0.7439 0.9045 0.7197 0.9091 0.7089 0.9061 0.6685 0.9000 0.6469 0.8864 0.6146 0.8818 0.5957 0.8818 0.5849 0.8712 0.5633 0.8667 0.5445 0.8530 0.5121 0.8424 0.4987 0.8379 0.4852 0.8136 0.4528 0.7970 0.4474
0 0.4500 0.3208 0.4424 0.3261 0.4288 0.3720 0.4288 0.3962 0.4242 0.4205 0.4242 0.4501 0.4273 0.4771 0.4894 0.4771 0.4939 0.4690 0.4955 0.4178 0.4924 0.3908 0.4985 0.3827 0.4939 0.3720 0.4909 0.3342 0.4848 0.3208
0 0.5439 0.1995 0.5394 0.2022 0.5348 0.2129 0.5333 0.2318 0.5288 0.2480 0.5288 0.2749 0.5364 0.3208 0.5833 0.3208 0.5879 0.3127 0.5894 0.2830 0.5848 0.2588 0.5864 0.2507 0.5803 0.2399 0.5727 0.2102 0.5652 0.1995
0 0.4606 0.1914 0.4545 0.2237 0.4470 0.2399 0.4500 0.2480 0.4500 0.3127 0.4576 0.3127 0.4591 0.3073 0.4955 0.3100 0.4985 0.3046 0.5000 0.2615 0.4970 0.2507 0.5015 0.2426 0.5015 0.2372 0.4970 0.2345 0.4985 0.2318 0.4939 0.2075 0.4909 0.1968 0.4864 0.1914
0 0.3924 0.1860 0.3833 0.1914 0.3727 0.2156 0.3727 0.2264 0.3682 0.2399 0.3682 0.2534 0.3652 0.2615 0.3682 0.2615 0.3742 0.2749 0.3909 0.2695 0.4091 0.2749 0.4152 0.2722 0.4182 0.2426 0.4227 0.2372 0.4227 0.2129 0.4197 0.2075 0.4197 0.1941 0.4152 0.1860
0 0.6045 0.0997 0.5955 0.1105 0.5970 0.1213 0.5939 0.1294 0.5909 0.1941 0.5985 0.2237 0.6076 0.2399 0.6152 0.2642 0.6258 0.2776 0.6697 0.2776 0.6697 0.2668 0.6758 0.2561 0.6758 0.2507 0.6833 0.2399 0.6848 0.2183 0.6879 0.2156 0.6909 0.1671 0.6894 0.1617 0.6727 0.1348 0.6636 0.1294 0.6561 0.1078 0.6455 0.0997
0 0.5318 0.1375 0.5242 0.1429 0.5212 0.1563 0.5212 0.1887 0.5258 0.2075 0.5333 0.2075 0.5439 0.1941 0.5591 0.1968 0.5576 0.1617 0.5485 0.1375
0 0.4773 0.1267 0.4697 0.1321 0.4652 0.1482 0.4652 0.1779 0.4697 0.1779 0.4727 0.1833 0.4803 0.1806 0.4939 0.1941 0.5000 0.1833 0.5015 0.1536 0.4909 0.1267
1 0.9545 0.2911 0.9424 0.3046 0.9364 0.3288 0.9394 0.3396 0.9379 0.3935 0.9455 0.3908 0.9530 0.3504 0.9621 0.3342 0.9621 0.2938 0.9591 0.2911
1 0.9894 0.3369 0.9803 0.3504 0.9712 0.3801 0.9652 0.4205 0.9652 0.4367 0.9788 0.4340 0.9788 0.4124 0.9924 0.3801 0.9955 0.3585 0.9985 0.3558 0.9985 0.3450 0.9955 0.3423 0.9955 0.3369
1 0.7727 0.1509 0.7667 0.1617 0.7667 0.1806 0.7788 0.1806 0.7803 0.1617 0.7758 0.1509