1 0.2158 0.6719 0.2128 0.6745 0.2054 0.7083 0.2083 0.7552 0.2009 0.7839 0.2009 0.7917 0.2083 0.7891 0.2158 0.7552 0.2217 0.7734 0.2217 0.7891 0.2277 0.7891 0.2247 0.7656 0.2277 0.7083 0.2217 0.6927 0.2202 0.6719
0 0.3244 0.5807 0.3155 0.5833 0.3036 0.5990 0.2961 0.6510 0.2961 0.7526 0.2991 0.7578 0.3051 0.7552 0.3155 0.7630 0.3363 0.7578 0.3765 0.7604 0.3899 0.7500 0.4122 0.7422 0.4211 0.7292 0.4211 0.7057 0.4375 0.6693 0.4375 0.6302 0.4330 0.6198 0.3571 0.5807
0 0.4405 0.6719 0.4330 0.6771 0.4226 0.7031 0.4196 0.7344 0.4226 0.7734 0.4360 0.7708 0.4420 0.7630 0.4583 0.7604 0.4747 0.7630 0.4836 0.7734 0.4896 0.7682 0.4911 0.7188 0.4821 0.6927 0.4807 0.6797 0.4732 0.6719
0 0.5863 0.6953 0.5804 0.7083 0.5818 0.7109 0.5729 0.7214 0.5714 0.7318 0.5714 0.7682 0.5774 0.7786 0.5833 0.7786 0.5908 0.7682 0.6071 0.7682 0.6190 0.7760 0.6250 0.7578 0.6339 0.7448 0.6429 0.7240 0.6250 0.7005 0.6161 0.6953
0 0.6622 0.7214 0.6473 0.7240 0.6414 0.7292 0.6235 0.7656 0.6205 0.7812 0.6205 0.8438 0.6295 0.8464 0.6384 0.8620 0.6443 0.8620 0.6518 0.8516 0.7217 0.8568 0.7351 0.8724 0.7426 0.8724 0.7470 0.8568 0.7470 0.8125 0.7396 0.7734 0.7128 0.7292 0.6771 0.7214
0 0.8869 0.7240 0.8750 0.7292 0.8676 0.7370 0.8452 0.7682 0.8408 0.7969 0.8393 0.8307 0.8438 0.8490 0.8452 0.8724 0.8527 0.8776 0.8616 0.8776 0.8676 0.8672 0.8824 0.8672 0.8869 0.8698 0.8869 0.8750 0.8914 0.8750 0.8973 0.8854 0.8988 0.8984 0.9077 0.9089 0.9182 0.9062 0.9315 0.8906 0.9405 0.8958 0.9658 0.8932 0.9732 0.8984 0.9985 0.8984 0.9985 0.7552 0.9792 0.7344 0.9643 0.7292 0.9360 0.7266 0.9256 0.7318 0.9077 0.7318 0.8958 0.7240
0 0.7708 0.6875 0.7604 0.6927 0.7545 0.7005 0.7485 0.7109 0.7455 0.7240 0.7336 0.7422 0.7336 0.7526 0.7411 0.7630 0.7411 0.7760 0.7470 0.7891 0.7515 0.7891 0.7589 0.8073 0.7679 0.8073 0.7738 0.7969 0.7812 0.7943 0.7991 0.7969 0.8036 0.8021 0.8274 0.7969 0.8333 0.8073 0.8363 0.8073 0.8408 0.7891 0.8423 0.7682 0.8497 0.7552 0.8467 0.7344 0.8304 0.6979 0.8229 0.6927 0.7753 0.6875
0 0.4851 0.6771 0.4836 0.6901 0.4911 0.7135 0.4926 0.7344 0.4970 0.7396 0.5149 0.7370 0.5134 0.7005 0.5089 0.6849 0.5015 0.6771
0 0.1086 0.5781 0.0565 0.5833 0.0476 0.5911 0.0402 0.6068 0.0298 0.6615 0.0298 0.7500 0.0372 0.7630 0.1250 0.7578 0.1577 0.7474 0.1741 0.7474 0.1979 0.7396 0.2039 0.7422 0.2054 0.7266 0.2024 0.7240 0.2024 0.7135 0.2083 0.6901 0.2083 0.6745 0.2143 0.6667 0.2158 0.6562 0.2202 0.6823 0.2232 0.6667 0.2217 0.6536 0.2247 0.6484 0.2292 0.6484 0.2217 0.6458 0.2232 0.6224 0.2321 0.6250 0.2351 0.6302 0.2321 0.6328 0.2321 0.6484 0.2351 0.6589 0.2336 0.6667 0.2366 0.6771 0.2321 0.7109 0.2351 0.7214 0.2336 0.7266 0.2396 0.7292 0.2440 0.7240 0.2545 0.7240 0.2545 0.6875 0.2574 0.6797 0.2574 0.6302 0.2560 0.6172 0.2515 0.6120 0.2262 0.6042 0.2188 0.6042 0.2158 0.6094 0.2098 0.6016 0.1771 0.5964 0.1488 0.5833 0.1146 0.5781
0 0.5506 0.6198 0.5446 0.6302 0.5461 0.7031 0.5595 0.7031 0.5685 0.6771 0.5833 0.6693 0.5833 0.6328 0.5789 0.6224 0.5744 0.6198
0 0.5089 0.6458 0.5030 0.6510 0.5015 0.6745 0.5074 0.6797 0.5164 0.7057 0.5268 0.7109 0.5312 0.7109 0.5327 0.6745 0.5298 0.6510 0.5253 0.6458
0 0.8571 0.6146 0.8482 0.6172 0.8452 0.6250 0.8393 0.6224 0.8318 0.6302 0.8095 0.6328 0.8051 0.6380 0.8021 0.6484 0.8021 0.6823 0.8051 0.6875 0.8348 0.6953 0.8378 0.7083 0.8452 0.7161 0.8452 0.7266 0.8512 0.7396 0.8557 0.7396 0.8542 0.7344 0.8586 0.7318 0.8557 0.7057 0.8571 0.7005 0.8616 0.7005 0.8646 0.7083 0.8676 0.7031 0.8765 0.7083 0.8780 0.7135 0.8750 0.7240 0.8958 0.7135 0.9196 0.7188 0.9345 0.7161 0.9375 0.7031 0.9360 0.6328 0.9286 0.6250 0.9077 0.6146
0 0.6443 0.6562 0.6339 0.6771 0.6295 0.6979 0.6384 0.7161 0.6503 0.7188 0.6726 0.7161 0.6711 0.7005 0.6741 0.6927 0.6741 0.6667 0.6711 0.6589 0.6652 0.6562