0 0.1398 0.5789 0.1316 0.5906 0.1316 0.5965 0.0987 0.6316 0.0789 0.6608 0.0658 0.6901 0.0526 0.7076 0.0526 0.7251 0.0493 0.7368 0.0280 0.7719 0.0197 0.7924 0.0197 0.8099 0.0132 0.8275 0.0132 0.8363 0.0181 0.8509 0.0263 0.8626 0.0329 0.8626 0.0362 0.8684 0.0510 0.8743 0.0543 0.8743 0.0526 0.8713 0.0559 0.8655 0.0609 0.8684 0.0773 0.8596 0.0905 0.8596 0.0987 0.8684 0.1217 0.8655 0.1283 0.8538 0.1349 0.8304 0.1349 0.8216 0.1414 0.8041 0.1414 0.7924 0.1480 0.7836 0.1513 0.7690 0.1562 0.7661 0.1546 0.7602 0.1694 0.7339 0.1678 0.7310 0.1776 0.7251 0.1809 0.7339 0.1842 0.7339 0.1990 0.7193 0.2039 0.7018 0.2056 0.6608 0.2089 0.6520 0.2089 0.6374 0.2023 0.6053 0.1891 0.5819 0.1579 0.5789
0 0.3141 0.6345 0.2878 0.6433 0.2632 0.6667 0.2204 0.7544 0.2072 0.8216 0.2072 0.8596 0.2122 0.8801 0.2171 0.8889 0.2303 0.8947 0.2681 0.8977 0.2763 0.8977 0.2829 0.8801 0.2911 0.8801 0.3092 0.8567 0.3158 0.7982 0.3224 0.7749 0.3289 0.7661 0.3322 0.7515 0.3438 0.7368 0.3503 0.7222 0.3487 0.6579 0.3405 0.6433 0.3306 0.6345 0.3207 0.6345
0 0.4194 0.3450 0.4128 0.3480 0.3964 0.3830 0.3914 0.4211 0.3947 0.4357 0.3980 0.4386 0.4309 0.4386 0.4391 0.4327 0.4391 0.4240 0.4490 0.3977 0.4507 0.3655 0.4457 0.3480 0.4375 0.3450
0 0.5658 0.3070 0.5609 0.3187 0.5609 0.3801 0.5954 0.3772 0.5954 0.3187 0.5888 0.3070
0 0.6546 0.3246 0.6447 0.3304 0.6382 0.3450 0.6382 0.3772 0.6447 0.4064 0.6530 0.4123 0.6562 0.4064 0.6891 0.4094 0.6941 0.4035 0.6941 0.3684 0.6891 0.3509 0.6891 0.3392 0.6809 0.3275 0.6743 0.3246
0 0.7303 0.6228 0.7188 0.6257 0.7105 0.6345 0.7072 0.6550 0.7072 0.6901 0.7188 0.7310 0.7171 0.7368 0.7204 0.7427 0.7220 0.7661 0.7319 0.8070 0.7303 0.8129 0.7368 0.8333 0.7484 0.8509 0.7549 0.8684 0.8207 0.8772 0.8372 0.8743 0.8470 0.8655 0.8520 0.8392 0.8503 0.8099 0.8388 0.7836 0.8339 0.7485 0.8240 0.7193 0.8191 0.6930 0.8158 0.6901 0.8141 0.6667 0.8092 0.6667 0.7928 0.6520 0.7829 0.6316 0.7582 0.6228
0 0.9622 0.3480 0.9556 0.3509 0.9539 0.3567 0.9523 0.3509 0.9408 0.3509 0.9326 0.3567 0.9293 0.3655 0.9293 0.3801 0.9243 0.4035 0.9079 0.4240 0.8964 0.4269 0.8931 0.4415 0.8783 0.4591 0.8750 0.4708 0.8766 0.5205 0.8799 0.5263 0.8997 0.5175 0.9112 0.5234 0.9934 0.6462 0.9984 0.6491 0.9984 0.3596 0.9951 0.3596 0.9901 0.3509 0.9786 0.3480 0.9720 0.3509 0.9737 0.3567 0.9688 0.3596 0.9671 0.3509 0.9638 0.3509
0 0.2664 0.3187 0.2516 0.3275 0.2418 0.3450 0.2368 0.3626 0.2352 0.3860 0.2385 0.3977 0.2451 0.4006 0.2747 0.3947 0.2845 0.3743 0.2977 0.3655 0.3010 0.3363 0.2993 0.3275 0.2911 0.3187
0 0.3898 0.2661 0.3717 0.2749 0.3553 0.3041 0.3503 0.3363 0.3520 0.3509 0.3569 0.3596 0.3882 0.3538 0.4013 0.3275 0.4079 0.3216 0.4062 0.2807 0.4030 0.2807 0.4013 0.2719 0.3964 0.2661
0 0.3322 0.2427 0.3141 0.2544 0.3026 0.2895 0.3059 0.3129 0.3355 0.3129 0.3438 0.2982 0.3520 0.2924 0.3520 0.2602 0.3487 0.2456 0.3454 0.2427
0 0.4062 0.2310 0.3980 0.2456 0.3964 0.2632 0.4030 0.2719 0.4079 0.2895 0.4227 0.2865 0.4326 0.2690 0.4326 0.2368 0.4293 0.2310
0 0.4737 0.2193 0.4638 0.2222 0.4539 0.2427 0.4523 0.2632 0.4539 0.2778 0.4572 0.2807 0.4852 0.2778 0.4901 0.2602 0.4901 0.2339 0.4852 0.2222 0.4803 0.2193
0 0.4128 0.1053 0.3799 0.1316 0.3783 0.1901 0.3816 0.2076 0.3865 0.2135 0.4112 0.2105 0.4243 0.1901 0.4342 0.1813 0.4408 0.1579 0.4375 0.1520 0.4375 0.1404 0.4408 0.1374 0.4375 0.1140 0.4326 0.1053
0 0.4885 0.1725 0.4836 0.1754 0.4753 0.1959 0.4753 0.2135 0.4868 0.2222 0.4967 0.2193 0.5016 0.2076 0.5033 0.1842 0.5016 0.1754 0.4967 0.1725
0 0.5707 0.1520 0.5658 0.1579 0.5641 0.1696 0.5674 0.1871 0.5806 0.1871 0.5872 0.1813 0.5872 0.1667 0.5806 0.1520
0 0.6332 0.2164 0.6234 0.2281 0.6234 0.2485 0.6266 0.2632 0.6365 0.2661 0.6530 0.2661 0.6546 0.2602 0.6530 0.2251 0.6447 0.2164
0 0.6711 0.1754 0.6628 0.1959 0.6628 0.2135 0.6727 0.2281 0.6875 0.2310 0.6941 0.2310 0.6990 0.2164 0.6974 0.1959 0.6924 0.1784 0.6891 0.1754
0 0.7467 0.2105 0.7352 0.2310 0.7352 0.2573 0.7516 0.2778 0.7632 0.2719 0.7812 0.2749 0.7878 0.2661 0.7878 0.2485 0.7697 0.2164 0.7484 0.2135
0 0.8092 0.3041 0.7944 0.3129 0.7878 0.3216 0.7895 0.3509 0.8092 0.3830 0.8240 0.3801 0.8438 0.3889 0.8520 0.3860 0.8586 0.3713 0.8586 0.3421 0.8553 0.3304 0.8388 0.3099 0.8158 0.3041
0 0.7171 0.1374 0.7204 0.1404 0.7188 0.1433 0.7122 0.1433 0.7072 0.1520 0.6875 0.1520 0.6826 0.1667 0.6842 0.1754 0.6859 0.1696 0.6908 0.1696 0.6990 0.1930 0.7072 0.1901 0.7138 0.1754 0.7286 0.1754 0.7336 0.1842 0.7336 0.1959 0.7434 0.2105 0.7434 0.2164 0.7368 0.2222 0.7319 0.2427 0.7352 0.2602 0.7451 0.2690 0.7484 0.2778 0.7566 0.2778 0.7599 0.2719 0.7714 0.2749 0.7780 0.2661 0.7829 0.2661 0.7862 0.2573 0.7895 0.2690 0.8010 0.2807 0.8273 0.2865 0.8322 0.2749 0.8322 0.2573 0.8257 0.2398 0.7993 0.2310 0.7944 0.2368 0.7829 0.2339 0.7697 0.2076 0.7681 0.1842 0.7615 0.1696 0.7516 0.1608 0.7467 0.1696 0.7401 0.1579 0.7418 0.1520 0.7451 0.1520 0.7401 0.1520 0.7385 0.1491 0.7418 0.1462 0.7352 0.1433 0.7336 0.1374