0 0.0147 0.1397 0.0000 0.1593 0.0000 0.1814 0.0131 0.1912 0.0899 0.2892 0.1193 0.3113 0.1258 0.3088 0.1307 0.3015 0.1356 0.2892 0.1356 0.2770 0.1275 0.2647 0.1160 0.2598 0.0980 0.2353 0.0899 0.2304 0.0833 0.2157 0.0768 0.2108 0.0686 0.1961 0.0588 0.1912 0.0572 0.1838 0.0474 0.1716 0.0441 0.1716 0.0310 0.1520 0.0163 0.1397
0 0.1993 0.3873 0.1912 0.4020 0.1912 0.4069 0.2255 0.4534 0.2369 0.4632 0.2451 0.4583 0.2500 0.4387 0.2075 0.3873
0 0.3627 0.2770 0.3578 0.2843 0.3562 0.2941 0.3725 0.3431 0.3775 0.3480 0.3905 0.3407 0.3922 0.3309 0.3807 0.2941 0.3709 0.2770
0 0.4771 0.3309 0.4706 0.3382 0.4706 0.3456 0.4624 0.3554 0.4493 0.3848 0.4510 0.3995 0.4575 0.4044 0.4690 0.4020 0.4706 0.3946 0.4771 0.3873 0.4804 0.3725 0.4918 0.3529 0.4918 0.3456 0.4788 0.3309
0 0.5245 0.3701 0.4967 0.4142 0.4967 0.4289 0.5033 0.4363 0.5098 0.4363 0.5196 0.4240 0.5359 0.3922 0.5359 0.3775 0.5294 0.3701
0 0.4428 0.4191 0.4265 0.4681 0.4265 0.4828 0.4346 0.4926 0.4412 0.4902 0.4461 0.4828 0.4542 0.4485 0.4575 0.4436 0.4575 0.4265 0.4493 0.4191
0 0.3938 0.4706 0.3856 0.4853 0.3856 0.4951 0.4118 0.5343 0.4199 0.5343 0.4248 0.5294 0.4265 0.5123 0.4183 0.5049 0.3954 0.4706
0 0.3742 0.5123 0.3676 0.5172 0.3660 0.5368 0.3987 0.5735 0.4085 0.5711 0.4134 0.5539 0.4069 0.5417 0.4003 0.5417 0.3922 0.5245 0.3791 0.5123
0 0.4085 0.6078 0.4003 0.6176 0.3922 0.6422 0.3824 0.6593 0.3824 0.6716 0.3873 0.6789 0.4003 0.6765 0.4167 0.6422 0.4216 0.6275 0.4216 0.6176 0.4150 0.6078
0 0.5556 0.4853 0.5490 0.4951 0.5392 0.5392 0.5408 0.5515 0.5458 0.5564 0.5588 0.5539 0.5670 0.5221 0.5703 0.4975 0.5605 0.4853
0 0.5131 0.5172 0.4886 0.5686 0.4886 0.5784 0.4967 0.5858 0.5049 0.5858 0.5245 0.5466 0.5278 0.5270 0.5196 0.5172
0 0.4706 0.5417 0.4608 0.5588 0.4592 0.5686 0.4461 0.5980 0.4510 0.6078 0.4575 0.6127 0.4673 0.6029 0.4853 0.5588 0.4837 0.5466 0.4788 0.5417
0 0.4412 0.5368 0.4379 0.5392 0.4199 0.5882 0.4199 0.5980 0.4265 0.6054 0.4346 0.6054 0.4379 0.6005 0.4428 0.5907 0.4461 0.5735 0.4542 0.5588 0.4542 0.5441 0.4461 0.5368
0 0.3595 0.6127 0.3448 0.6765 0.3448 0.6887 0.3480 0.6936 0.3562 0.6961 0.3644 0.6814 0.3693 0.6520 0.3758 0.6348 0.3758 0.6176 0.3693 0.6127
0 0.3448 0.5368 0.3399 0.5441 0.3382 0.5588 0.3611 0.5882 0.3742 0.5980 0.3840 0.5907 0.3840 0.5711 0.3529 0.5368
0 0.3072 0.5466 0.3007 0.5564 0.3023 0.5760 0.3121 0.5980 0.3137 0.6103 0.3186 0.6176 0.3268 0.6201 0.3350 0.6103 0.3366 0.5956 0.3219 0.5490 0.3154 0.5466
0 0.7042 0.0539 0.6797 0.0956 0.6781 0.1054 0.6716 0.1176 0.6716 0.1275 0.6814 0.1373 0.6977 0.1152 0.7173 0.0784 0.7190 0.0662 0.7092 0.0539
0 0.6536 0.1495 0.6242 0.1961 0.6225 0.2108 0.6307 0.2206 0.6373 0.2206 0.6471 0.2059 0.6650 0.1667 0.6667 0.1569 0.6552 0.1495
0 0.6340 0.3113 0.6291 0.3137 0.6258 0.3235 0.6291 0.3382 0.6356 0.3431 0.6454 0.3407 0.6699 0.3456 0.6781 0.3431 0.6814 0.3382 0.6797 0.3162 0.6618 0.3113 0.6552 0.3162 0.6454 0.3162 0.6389 0.3113
0 0.7712 0.2059 0.7369 0.2402 0.7353 0.2549 0.7386 0.2623 0.7451 0.2647 0.7516 0.2647 0.7827 0.2304 0.7827 0.2132 0.7778 0.2059
1 0.7418 0.4191 0.7337 0.4265 0.7288 0.4485 0.7190 0.4608 0.7092 0.4877 0.7042 0.4926 0.7042 0.5123 0.6977 0.5147 0.7010 0.5172 0.7042 0.5123 0.7092 0.5123 0.7124 0.5172 0.7206 0.5319 0.7173 0.5466 0.7222 0.5539 0.7320 0.5466 0.7320 0.5319 0.7418 0.5074 0.7435 0.4902 0.7500 0.4706 0.7484 0.4632 0.7516 0.4363 0.7467 0.4191
1 0.2451 0.6569 0.2418 0.6618 0.2402 0.6838 0.2467 0.6838 0.2533 0.6740 0.2533 0.6667 0.2484 0.6569
1 0.1716 0.6520 0.1667 0.6569 0.1683 0.6642 0.1765 0.6618 0.1732 0.6520