0 0.1888 0.4923 0.1837 0.4961 0.1700 0.4961 0.1613 0.5000 0.1437 0.5251 0.1175 0.5541 0.1163 0.6293 0.1175 0.6525 0.1200 0.6602 0.1212 0.7162 0.1225 0.7239 0.1313 0.7317 0.1263 0.7355 0.1288 0.7375 0.2025 0.7355 0.2075 0.7336 0.2112 0.7259 0.2162 0.7259 0.2200 0.7375 0.2275 0.7220 0.2325 0.6853 0.2487 0.6622 0.2487 0.6525 0.2512 0.6467 0.2537 0.6255 0.2500 0.5753 0.2512 0.5483 0.2462 0.5270 0.2450 0.4961 0.2425 0.4923 0.2175 0.4923
0 0.4088 0.6062 0.4050 0.6081 0.3962 0.6216 0.3912 0.6216 0.3900 0.6255 0.3950 0.6332 0.3925 0.6448 0.3950 0.6892 0.3962 0.6911 0.3987 0.6853 0.4050 0.6853 0.4075 0.6892 0.4425 0.6892 0.4512 0.6911 0.4537 0.7008 0.4587 0.7027 0.4650 0.6969 0.4662 0.6892 0.4650 0.6429 0.4625 0.6236 0.4537 0.6081 0.4150 0.6062
0 0.3862 0.7394 0.3800 0.7471 0.3762 0.7587 0.3700 0.7587 0.3650 0.7625 0.3650 0.7722 0.3700 0.7780 0.3700 0.7857 0.3638 0.8127 0.3650 0.8745 0.4325 0.8707 0.4375 0.8726 0.4437 0.8822 0.4437 0.8880 0.4475 0.8900 0.4500 0.8900 0.4550 0.8822 0.4587 0.8687 0.4587 0.7780 0.4637 0.7703 0.4650 0.7625 0.4587 0.7587 0.4500 0.7625 0.4462 0.7471 0.4425 0.7413 0.4325 0.7394
0 0.3137 0.4826 0.3038 0.4884 0.2950 0.5097 0.2963 0.5116 0.2938 0.5193 0.2938 0.5444 0.2988 0.5598 0.3100 0.5521 0.3125 0.5560 0.3488 0.5579 0.3550 0.5483 0.3538 0.5039 0.3412 0.4826
0 0.4537 0.4730 0.4375 0.4768 0.4300 0.4884 0.4250 0.4903 0.4263 0.5483 0.4288 0.5541 0.4375 0.5560 0.4612 0.5560 0.4662 0.5521 0.4713 0.5579 0.4775 0.5560 0.4813 0.5483 0.4813 0.5019 0.4863 0.4903 0.4788 0.4884 0.4738 0.4768 0.4562 0.4730
0 0.5637 0.3707 0.5400 0.3745 0.5350 0.3900 0.5337 0.4344 0.5400 0.4479 0.5387 0.5367 0.5413 0.5463 0.5463 0.5541 0.5700 0.5521 0.5750 0.5560 0.5837 0.5521 0.5962 0.5560 0.6112 0.5560 0.6150 0.5502 0.6175 0.5405 0.6188 0.5019 0.6188 0.4035 0.6138 0.3842 0.6075 0.3745 0.5737 0.3707
0 0.6850 0.5193 0.6813 0.5270 0.6813 0.5328 0.6737 0.5367 0.6737 0.5830 0.6775 0.5927 0.6825 0.5907 0.6900 0.5946 0.7400 0.5927 0.7400 0.5560 0.7375 0.5386 0.7300 0.5309 0.7275 0.5212 0.6863 0.5193
0 0.3675 0.4131 0.3613 0.4151 0.3588 0.4189 0.3575 0.4324 0.3550 0.4382 0.3538 0.4614 0.3575 0.4691 0.3625 0.4710 0.3738 0.4672 0.3850 0.4672 0.3912 0.4710 0.3962 0.4691 0.3975 0.4344 0.4000 0.4266 0.3975 0.4266 0.3912 0.4151 0.3875 0.4131
0 0.4587 0.3803 0.4487 0.3958 0.4500 0.4344 0.4775 0.4286 0.4863 0.4286 0.4888 0.4324 0.4900 0.4305 0.4925 0.4189 0.4913 0.4035 0.4850 0.3842 0.4788 0.3803
0 0.0838 0.4633 0.0762 0.4672 0.0675 0.4826 0.0650 0.5077 0.0725 0.5154 0.0825 0.5116 0.0875 0.5135 0.0938 0.5058 0.1000 0.5077 0.1075 0.4981 0.1113 0.5077 0.1075 0.5135 0.1087 0.5212 0.1062 0.5251 0.1100 0.5232 0.1175 0.5097 0.1125 0.5039 0.1175 0.5039 0.1187 0.4903 0.1163 0.4730 0.1087 0.4633
0 0.2512 0.3224 0.2400 0.3378 0.2412 0.3610 0.2425 0.3649 0.2537 0.3610 0.2625 0.3687 0.2700 0.3668 0.2762 0.3610 0.2750 0.3340 0.2700 0.3224
0 0.3500 0.2239 0.3262 0.2259 0.3175 0.2297 0.3137 0.2355 0.3137 0.2664 0.3175 0.2915 0.3350 0.2876 0.3613 0.2876 0.3650 0.2819 0.3650 0.2510 0.3638 0.2317 0.3613 0.2239
0 0.3925 0.3185 0.3850 0.3224 0.3812 0.3282 0.3787 0.3398 0.3800 0.3842 0.3887 0.3842 0.3887 0.3784 0.4050 0.3784 0.4113 0.3822 0.4150 0.3687 0.4138 0.3359 0.4113 0.3243 0.4050 0.3185
0 0.4225 0.2857 0.4150 0.2915 0.4113 0.3127 0.4163 0.3340 0.4238 0.3417 0.4288 0.3398 0.4288 0.3456 0.4313 0.3456 0.4313 0.3398 0.4350 0.3359 0.4387 0.3243 0.4375 0.2954 0.4350 0.2896 0.4288 0.2857
0 0.4650 0.3301 0.4587 0.3436 0.4612 0.3533 0.4600 0.3649 0.4625 0.3784 0.4662 0.3745 0.4688 0.3784 0.4838 0.3803 0.4900 0.3900 0.4938 0.3861 0.4938 0.3475 0.4900 0.3340 0.4863 0.3301
0 0.5413 0.3378 0.5350 0.3456 0.5325 0.3571 0.5363 0.3726 0.5650 0.3687 0.5650 0.3456 0.5575 0.3378
0 0.6162 0.3398 0.6050 0.3456 0.6025 0.3514 0.6025 0.3707 0.6075 0.3726 0.6188 0.3958 0.6250 0.3938 0.6275 0.3996 0.6300 0.3996 0.6350 0.3880 0.6338 0.3533 0.6288 0.3417 0.6200 0.3398
0 0.5437 0.3050 0.5337 0.3069 0.5288 0.3205 0.5275 0.3398 0.5312 0.3475 0.5400 0.3359 0.5575 0.3340 0.5587 0.3301 0.5563 0.3147 0.5500 0.3050
0 0.4775 0.2992 0.4700 0.3069 0.4688 0.3243 0.4825 0.3263 0.4925 0.3340 0.4963 0.3282 0.4963 0.3147 0.4925 0.3031 0.4888 0.2992
0 0.4738 0.2741 0.4700 0.2819 0.4700 0.3012 0.4763 0.2973 0.4900 0.2973 0.4938 0.3012 0.4938 0.2857 0.4900 0.2741
0 0.5288 0.2703 0.5250 0.2780 0.5275 0.3050 0.5463 0.3031 0.5500 0.2992 0.5513 0.2780 0.5450 0.2703
0 0.5950 0.2896 0.5900 0.2954 0.5887 0.3185 0.6075 0.3224 0.6138 0.3205 0.6138 0.3050 0.6100 0.2915 0.6025 0.2896
0 0.5325 0.2259 0.5300 0.2278 0.5262 0.2413 0.5275 0.2664 0.5475 0.2645 0.5513 0.2587 0.5513 0.2452 0.5475 0.2375 0.5475 0.2317 0.5437 0.2259
0 0.4888 0.2432 0.4800 0.2452 0.4775 0.2490 0.4763 0.2703 0.4863 0.2703 0.4938 0.2761 0.5012 0.2741 0.5012 0.2548 0.4975 0.2471 0.4900 0.2432