1 0.7354 0.5370 0.7333 0.5444 0.7208 0.5519 0.7167 0.5741 0.7063 0.5889 0.7021 0.6037 0.7042 0.6296 0.7167 0.6556 0.7167 0.7037 0.7229 0.7111 0.7312 0.7111 0.7312 0.7185 0.7375 0.7148 0.7458 0.7296 0.7521 0.7630 0.7583 0.7704 0.7542 0.7481 0.7521 0.6963 0.7479 0.6889 0.7479 0.7185 0.7396 0.7111 0.7438 0.7074 0.7396 0.7037 0.7396 0.6963 0.7438 0.6926 0.7417 0.6815 0.7458 0.6630 0.7500 0.6593 0.7438 0.6370 0.7458 0.6222 0.7417 0.6111 0.7542 0.5889 0.7604 0.5667 0.7521 0.5593 0.7396 0.5593 0.7396 0.5444 0.7354 0.5407
1 0.6651 0.4769 0.6568 0.4758 0.6542 0.5148 0.6562 0.5815 0.6526 0.7211 0.6840 0.7093 0.6813 0.5704 0.6729 0.4753
1 0.5479 0.4556 0.5417 0.4667 0.5396 0.4889 0.5333 0.5074 0.5333 0.5593 0.5396 0.6185 0.5437 0.6259 0.5417 0.6815 0.5625 0.6778 0.5625 0.6000 0.5687 0.5741 0.5667 0.5000 0.5583 0.4889 0.5583 0.4630 0.5542 0.4556
1 0.2708 0.4852 0.2646 0.5000 0.2646 0.5333 0.2562 0.5667 0.2583 0.6074 0.2542 0.6333 0.2562 0.6370 0.2500 0.6593 0.2500 0.6778 0.2708 0.7148 0.2708 0.7333 0.2646 0.7481 0.2854 0.7444 0.2854 0.7148 0.2792 0.6667 0.2854 0.6222 0.2792 0.4852
1 0.3125 0.5296 0.3083 0.5407 0.3063 0.5667 0.2917 0.6037 0.2938 0.6148 0.2979 0.6037 0.3000 0.6074 0.3021 0.6222 0.2979 0.6259 0.2979 0.6444 0.3063 0.6667 0.3021 0.7074 0.2917 0.7519 0.2938 0.7556 0.3021 0.7407 0.3104 0.7000 0.3187 0.6926 0.3271 0.7148 0.3312 0.7407 0.3292 0.7593 0.3333 0.7667 0.3417 0.7593 0.3417 0.7444 0.3312 0.6778 0.3438 0.6519 0.3396 0.6407 0.3396 0.5963 0.3312 0.5889 0.3354 0.5741 0.3333 0.5556 0.3292 0.5333 0.3229 0.5296
1 0.3729 0.4704 0.3688 0.4741 0.3708 0.5185 0.3563 0.5481 0.3542 0.5667 0.3542 0.5815 0.3625 0.5815 0.3646 0.6037 0.3604 0.6148 0.3604 0.6593 0.3563 0.6926 0.3479 0.7111 0.3521 0.7185 0.3563 0.7185 0.3604 0.7037 0.3583 0.7000 0.3646 0.6852 0.3688 0.6481 0.3729 0.6481 0.3917 0.6889 0.3896 0.7111 0.3917 0.7148 0.3979 0.7000 0.3979 0.6889 0.3833 0.6481 0.3854 0.5222 0.3812 0.5074 0.3833 0.4778 0.3792 0.4704
1 0.0625 0.4778 0.0563 0.4852 0.0563 0.5148 0.0521 0.5333 0.0500 0.6519 0.0563 0.6667 0.0667 0.6704 0.0688 0.7074 0.0750 0.7037 0.0750 0.6000 0.0813 0.5407 0.0729 0.5148 0.0708 0.4889 0.0646 0.4778
1 0.1333 0.4481 0.1292 0.4593 0.1333 0.4667 0.1313 0.4926 0.1167 0.5185 0.1187 0.5407 0.1292 0.5630 0.1187 0.6185 0.1208 0.6556 0.1271 0.6704 0.1292 0.6963 0.1521 0.6963 0.1542 0.7148 0.1396 0.7185 0.1417 0.7296 0.1479 0.7222 0.1583 0.7222 0.1604 0.7111 0.1708 0.7148 0.1812 0.6852 0.1708 0.6296 0.1708 0.6111 0.1771 0.5963 0.1750 0.5704 0.1688 0.5593 0.1542 0.5519 0.1542 0.5037 0.1375 0.4481
1 0.1979 0.4556 0.1938 0.4630 0.1896 0.5444 0.1792 0.5815 0.1833 0.6111 0.1875 0.6185 0.1833 0.6333 0.1854 0.6444 0.1812 0.6481 0.1812 0.6667 0.1854 0.6630 0.1875 0.6333 0.1938 0.6259 0.2167 0.6815 0.2208 0.7037 0.2188 0.7074 0.2250 0.6963 0.2250 0.6889 0.2167 0.6667 0.2167 0.6556 0.2062 0.6148 0.2104 0.5889 0.2083 0.5630 0.2125 0.5333 0.2083 0.4667 0.2000 0.4556
1 0.4813 0.4444 0.4771 0.4481 0.4771 0.4815 0.4729 0.4926 0.4750 0.4963 0.4688 0.5074 0.4688 0.5556 0.4729 0.5667 0.4729 0.5963 0.4688 0.6185 0.4771 0.6296 0.4771 0.6481 0.4667 0.6852 0.4625 0.7259 0.4500 0.7556 0.4583 0.7593 0.4729 0.7111 0.4813 0.7037 0.4917 0.7259 0.4917 0.7407 0.4854 0.7519 0.5042 0.7704 0.5062 0.7519 0.4979 0.6926 0.5042 0.6889 0.5146 0.7000 0.5208 0.7000 0.5062 0.6741 0.4979 0.6704 0.4979 0.6630 0.5042 0.6593 0.4979 0.6481 0.5062 0.6370 0.4979 0.6148 0.4979 0.5556 0.5042 0.5519 0.5042 0.5444 0.4958 0.5333 0.4917 0.5074 0.4854 0.4926 0.4833 0.4630 0.4875 0.4556 0.4833 0.4481
1 0.4292 0.4741 0.4250 0.4815 0.4146 0.4852 0.4000 0.5259 0.4021 0.5741 0.3958 0.5741 0.4021 0.5889 0.4000 0.6074 0.4125 0.6519 0.4062 0.6963 0.4104 0.7037 0.4083 0.7148 0.4146 0.7148 0.4146 0.6926 0.4250 0.6741 0.4229 0.6667 0.4271 0.6556 0.4271 0.6407 0.4208 0.6333 0.4208 0.6259 0.4250 0.6222 0.4250 0.5926 0.4333 0.5741 0.4292 0.5667 0.4458 0.5519 0.4500 0.5259 0.4458 0.4852 0.4354 0.4815 0.4313 0.4889 0.4313 0.4741
1 0.1625 0.7259 0.1562 0.7296 0.1521 0.7407 0.1562 0.7778 0.1521 0.7926 0.1375 0.8148 0.1375 0.8741 0.1250 0.9148 0.1271 0.9296 0.1396 0.9519 0.1458 0.9963 0.2354 0.9963 0.2313 0.9704 0.2208 0.9556 0.2167 0.9259 0.2125 0.9222 0.2146 0.9185 0.2021 0.8926 0.1896 0.8148 0.1812 0.7963 0.1896 0.7593 0.1896 0.7407 0.1750 0.7259
1 0.3708 0.8370 0.3604 0.8444 0.3542 0.8630 0.3542 0.8889 0.3625 0.9111 0.3521 0.9407 0.3479 0.9963 0.4062 0.9963 0.4062 0.9481 0.4021 0.9185 0.3958 0.8963 0.3917 0.8556 0.3833 0.8370
1 0.8479 0.5259 0.8354 0.5481 0.8396 0.5630 0.8229 0.6259 0.8208 0.7037 0.8167 0.7148 0.8187 0.7185 0.8125 0.7741 0.8167 0.7815 0.8583 0.7852 0.8625 0.7963 0.8688 0.8000 0.8604 0.7852 0.8667 0.7296 0.8667 0.6926 0.8604 0.6259 0.8604 0.5519 0.8542 0.5259
1 0.8938 0.5519 0.8875 0.5556 0.8812 0.5704 0.8875 0.6370 0.8896 0.6222 0.9083 0.6259 0.9187 0.5889 0.9146 0.5593 0.9021 0.5593 0.8958 0.5519
1 0.8979 0.5148 0.8917 0.5296 0.8896 0.5519 0.8833 0.5593 0.8812 0.5704 0.8875 0.6593 0.8854 0.6741 0.8896 0.6815 0.8854 0.6889 0.8875 0.7222 0.8833 0.7407 0.8812 0.7852 0.8917 0.7889 0.8875 0.7704 0.8917 0.7630 0.8958 0.7259 0.8938 0.7222 0.9000 0.7074 0.9062 0.7185 0.9062 0.7852 0.9104 0.7926 0.9187 0.7926 0.9187 0.7815 0.9125 0.7667 0.9146 0.7111 0.9083 0.6741 0.9125 0.6667 0.9167 0.6000 0.9229 0.5926 0.9167 0.5630 0.9104 0.5519 0.9125 0.5259 0.9083 0.5148
1 0.9729 0.4000 0.9583 0.4667 0.9604 0.4926 0.9646 0.5037 0.9646 0.5556 0.9708 0.5741 0.9771 0.5741 0.9792 0.5667 0.9771 0.5630 0.9812 0.5481 0.9812 0.5148 0.9938 0.4815 0.9917 0.4333 0.9875 0.4222 0.9812 0.4185 0.9750 0.4000
1 0.9229 0.4111 0.9104 0.4333 0.9021 0.4630 0.9021 0.4926 0.9187 0.5259 0.9167 0.5333 0.9229 0.5296 0.9292 0.4889 0.9271 0.4778 0.9313 0.4444 0.9313 0.4333 0.9229 0.4148
1 0.8917 0.3556 0.8812 0.3593 0.8750 0.3815 0.8792 0.4222 0.8792 0.4333 0.8750 0.4370 0.8750 0.4889 0.8812 0.5074 0.8938 0.4815 0.8979 0.4519 0.9000 0.3889 0.8917 0.3593
1 0.8208 0.3667 0.8187 0.3963 0.8167 0.4000 0.8125 0.3926 0.8104 0.4000 0.8146 0.4185 0.8125 0.4259 0.8167 0.4296 0.8167 0.4593 0.8208 0.4815 0.8187 0.5000 0.8229 0.5222 0.8229 0.5111 0.8313 0.5000 0.8354 0.5037 0.8333 0.5074 0.8458 0.5000 0.8521 0.5037 0.8521 0.4704 0.8438 0.4519 0.8438 0.4333 0.8375 0.4259 0.8375 0.4037 0.8333 0.3926 0.8292 0.3963 0.8208 0.3852 0.8292 0.3778 0.8250 0.3667
1 0.7271 0.3148 0.7208 0.3407 0.7250 0.4222 0.7312 0.4259 0.7375 0.3630 0.7292 0.3185
1 0.0833 0.3593 0.0771 0.3852 0.0792 0.4037 0.0750 0.4185 0.0792 0.4333 0.0958 0.4333 0.1000 0.4259 0.1000 0.4037 0.0896 0.3593
1 0.0521 0.3111 0.0521 0.3481 0.0458 0.3926 0.0479 0.4037 0.0437 0.4074 0.0437 0.4296 0.0479 0.4333 0.0583 0.4296 0.0604 0.3889 0.0667 0.3741 0.0604 0.3481 0.0625 0.3296 0.0563 0.3111
1 0.5188 0.2852 0.5125 0.3000 0.5125 0.3333 0.5146 0.3481 0.5271 0.3593 0.5333 0.3296 0.5229 0.2852
0 0.6375 0.3593 0.6104 0.3667 0.6021 0.4000 0.5958 0.4111 0.5917 0.4370 0.5938 0.5185 0.6250 0.5111 0.6375 0.5111 0.6417 0.5185 0.6458 0.5148 0.6417 0.5111 0.6458 0.5074 0.6458 0.5000 0.6375 0.4963 0.6500 0.4889 0.6479 0.4778 0.6562 0.4519 0.6562 0.4259 0.6604 0.4074 0.6708 0.4111 0.6708 0.4444 0.6750 0.4593 0.6840 0.4913 0.6890 0.4962 0.6917 0.4407 0.6917 0.4222 0.6771 0.3741 0.6687 0.3667 0.6396 0.3630
0 0.4771 0.3963 0.4646 0.4259 0.4646 0.4333 0.4729 0.4481 0.4708 0.4519 0.4792 0.4407 0.4875 0.4444 0.4938 0.4593 0.4938 0.4963 0.5042 0.5074 0.5167 0.5370 0.5271 0.5407 0.5271 0.5185 0.5375 0.4815 0.5375 0.4704 0.5458 0.4519 0.5542 0.4519 0.5542 0.4407 0.5396 0.4037 0.5062 0.3963
0 0.2812 0.3852 0.2646 0.4111 0.2583 0.4333 0.2521 0.4630 0.2562 0.4889 0.2583 0.4741 0.2792 0.4704 0.2896 0.4481 0.3021 0.4481 0.3063 0.4556 0.3063 0.4704 0.3146 0.4852 0.3063 0.5000 0.3250 0.5037 0.3292 0.5222 0.3333 0.5259 0.3521 0.5259 0.3563 0.5185 0.3563 0.4407 0.3500 0.4296 0.3500 0.4185 0.3396 0.3889 0.3208 0.3852 0.3146 0.3926 0.2979 0.3926 0.2938 0.3852
0 0.4229 0.3481 0.4021 0.3593 0.3958 0.3852 0.3896 0.3926 0.3917 0.4741 0.4208 0.4667 0.4271 0.4370 0.4313 0.4333 0.4333 0.4037 0.4375 0.4037 0.4396 0.3667 0.4333 0.3667 0.4271 0.3556 0.4271 0.3481
0 0.4708 0.3556 0.4625 0.3630 0.4583 0.3926 0.4646 0.4259 0.4667 0.4111 0.4771 0.3926 0.5333 0.3963 0.5312 0.3741 0.5208 0.3593 0.4813 0.3556
0 0.5479 0.3556 0.5396 0.3852 0.5437 0.3852 0.5479 0.4000 0.5583 0.4148 0.5667 0.4593 0.5833 0.4815 0.5896 0.4778 0.5896 0.4370 0.6000 0.3778 0.5896 0.3630 0.5687 0.3556
0 0.5687 0.2963 0.5583 0.3148 0.5646 0.3481 0.5833 0.3519 0.5896 0.3407 0.6062 0.3593 0.6312 0.3407 0.6312 0.3148 0.6250 0.3037 0.6083 0.2963
0 0.2749 0.3332 0.2659 0.3891 0.3123 0.3905 0.3083 0.3889 0.3104 0.3815 0.3432 0.3912 0.3413 0.3267
0 0.1812 0.1556 0.1708 0.1593 0.1646 0.1704 0.1646 0.2444 0.1667 0.2778 0.1708 0.2852 0.1729 0.3074 0.1604 0.3148 0.1604 0.3593 0.1646 0.3593 0.1646 0.3519 0.1729 0.3407 0.2167 0.3407 0.2188 0.2963 0.2229 0.2926 0.2229 0.2778 0.2292 0.2667 0.2292 0.2296 0.2333 0.2296 0.2333 0.2593 0.2396 0.2593 0.2437 0.2444 0.2437 0.1778 0.2354 0.1556
0 0.2958 0.2556 0.2708 0.2667 0.2521 0.2667 0.2437 0.2778 0.2396 0.2963 0.2375 0.3444 0.2378 0.4584 0.2515 0.4478 0.2604 0.3704 0.2646 0.3444 0.2729 0.3222 0.3063 0.3185 0.3250 0.3222 0.3292 0.3296 0.3417 0.3296 0.3438 0.3148 0.3500 0.3074 0.3479 0.2778 0.3438 0.2704 0.3396 0.2741 0.3396 0.2667 0.3083 0.2556
0 0.0667 0.4370 0.0667 0.4667 0.0771 0.5000 0.0792 0.5259 0.0854 0.5481 0.0833 0.5593 0.0875 0.5630 0.0833 0.5741 0.0896 0.5778 0.0896 0.6037 0.0854 0.6037 0.0833 0.5852 0.0792 0.6222 0.0792 0.6370 0.0833 0.6444 0.0833 0.6741 0.0917 0.6704 0.0938 0.6630 0.1146 0.6630 0.1187 0.6556 0.1167 0.6037 0.1250 0.5630 0.1146 0.5370 0.1146 0.5148 0.1250 0.4926 0.1250 0.4481 0.1167 0.4370
0 0.0083 0.4519 0.0000 0.4556 0.0000 0.4778 0.0034 0.6343 0.0128 0.6941 0.0245 0.6547 0.0446 0.6748 0.0312 0.4852 0.0417 0.4593 0.0292 0.4519
0 0.2104 0.4667 0.2125 0.5222 0.2188 0.5481 0.2125 0.5630 0.2125 0.5741 0.2167 0.5778 0.2125 0.5926 0.2125 0.6222 0.2188 0.6333 0.2313 0.6333 0.2396 0.6556 0.2479 0.6519 0.2500 0.6370 0.2500 0.5778 0.2562 0.5556 0.2604 0.5037 0.2354 0.4926 0.2125 0.4667
0 0.1458 0.4444 0.1437 0.4481 0.1479 0.4556 0.1500 0.4778 0.1562 0.4889 0.1583 0.5074 0.1604 0.5111 0.1667 0.5037 0.1812 0.5333 0.1854 0.5296 0.1875 0.5111 0.1896 0.4556 0.1729 0.4444
0 0.4437 0.3111 0.4188 0.3148 0.4104 0.3296 0.4062 0.3556 0.4292 0.3444 0.4375 0.3185 0.4417 0.3259 0.4437 0.3481 0.4667 0.3481 0.4729 0.3370 0.4708 0.3259 0.4667 0.3185 0.4458 0.3111