1 0.2042 0.4222 0.2021 0.4556 0.2083 0.4778 0.2083 0.4926 0.2125 0.4926 0.2167 0.5037 0.2271 0.4963 0.2250 0.4519 0.2083 0.4222
1 0.1500 0.5000 0.1458 0.5074 0.1458 0.5407 0.1521 0.5667 0.1604 0.5778 0.1688 0.6074 0.1688 0.5407 0.1604 0.5222 0.1583 0.5037 0.1542 0.5000
1 0.3125 0.6630 0.3063 0.6778 0.3083 0.7148 0.3125 0.7296 0.3104 0.7333 0.3187 0.7519 0.3333 0.7667 0.3375 0.7444 0.3354 0.7074 0.3292 0.6778 0.3187 0.6630
1 0.2250 0.7556 0.2229 0.7778 0.2167 0.7963 0.2167 0.8148 0.2271 0.8593 0.2396 0.8889 0.2417 0.8444 0.2458 0.8407 0.2479 0.8259 0.2417 0.7852 0.2271 0.7556
1 0.1854 0.7963 0.1812 0.8370 0.1833 0.8741 0.1917 0.8889 0.1979 0.9222 0.2083 0.9296 0.2083 0.8963 0.2042 0.8778 0.2062 0.8444 0.1896 0.7963
1 0.9354 0.5889 0.9187 0.6111 0.9229 0.6259 0.9229 0.6444 0.9187 0.6593 0.9292 0.6704 0.9333 0.6630 0.9375 0.6259 0.9437 0.6148 0.9437 0.6000 0.9375 0.5926
1 0.5000 0.2444 0.4958 0.2593 0.4979 0.2815 0.5000 0.2852 0.5042 0.2704 0.5021 0.2481
1 0.5333 0.1926 0.5292 0.2259 0.5229 0.2185 0.5229 0.2037 0.5146 0.2037 0.5104 0.2111 0.5021 0.2111 0.4958 0.2333 0.4896 0.2333 0.4833 0.2111 0.4750 0.2185 0.4750 0.2333 0.4667 0.2296 0.4604 0.2407 0.4625 0.2963 0.4729 0.2926 0.4792 0.2519 0.4750 0.2259 0.4813 0.2185 0.4854 0.2296 0.4854 0.2556 0.4958 0.2556 0.4979 0.2481 0.5021 0.2481 0.5042 0.2593 0.5125 0.2370 0.5146 0.2185 0.5208 0.2148 0.5229 0.2222 0.5188 0.2296 0.5188 0.2630 0.5250 0.2778 0.5250 0.2630 0.5333 0.2630 0.5375 0.2481 0.5354 0.1926
1 0.4229 0.2296 0.4188 0.2407 0.4208 0.2778 0.4229 0.2815 0.4292 0.2704 0.4292 0.2407
1 0.1417 0.3296 0.1396 0.3519 0.1458 0.3778 0.1521 0.3741 0.1521 0.3370 0.1458 0.3296
1 0.1583 0.3333 0.1583 0.3556 0.1646 0.3741 0.1688 0.3741 0.1708 0.3593 0.1646 0.3333
1 0.1187 0.3296 0.1167 0.3481 0.1250 0.3815 0.1292 0.3815 0.1292 0.3407 0.1229 0.3296
1 0.1104 0.2815 0.1042 0.3000 0.1104 0.3222 0.1187 0.3222 0.1208 0.3000 0.1125 0.2852
1 0.1250 0.2778 0.1187 0.2889 0.1250 0.3074 0.1250 0.3185 0.1333 0.3148 0.1333 0.2926 0.1292 0.2778
1 0.0833 0.1815 0.0833 0.2222 0.0979 0.2519 0.1000 0.2296 0.0896 0.2037 0.0917 0.1963 0.0875 0.1815
1 0.8438 0.4481 0.8375 0.4556 0.8313 0.4778 0.8313 0.5185 0.8250 0.5259 0.8250 0.5704 0.8292 0.5815 0.8333 0.5815 0.8417 0.5481 0.8438 0.5074 0.8500 0.4704 0.8458 0.4481
1 0.8208 0.3815 0.8083 0.4111 0.8000 0.4593 0.8000 0.4889 0.8063 0.5000 0.8104 0.4778 0.8187 0.4704 0.8187 0.4519 0.8292 0.4000 0.8271 0.3852 0.8229 0.3815
1 0.7229 0.4000 0.7229 0.4148 0.7167 0.4333 0.7167 0.4667 0.7271 0.4741 0.7312 0.4741 0.7375 0.4444 0.7354 0.4074 0.7312 0.4000
1 0.6937 0.3556 0.6875 0.3741 0.6875 0.4148 0.6917 0.4148 0.7042 0.3926 0.7042 0.3704 0.6958 0.3556
1 0.8458 0.4037 0.8354 0.4111 0.8292 0.4444 0.8292 0.4556 0.8438 0.4852 0.8417 0.4926 0.8458 0.4926 0.8479 0.4815 0.8542 0.4741 0.8562 0.4519 0.8625 0.4407 0.8625 0.4222 0.8542 0.4037
1 0.4188 0.1481 0.4208 0.1741 0.4250 0.1481
1 0.3708 0.2074 0.3688 0.2296 0.3750 0.2370 0.3812 0.2370 0.3854 0.2296 0.3729 0.2074
1 0.0375 0.2667 0.0333 0.2852 0.0333 0.2963 0.0375 0.3037 0.0437 0.3037 0.0458 0.2852 0.0458 0.2778 0.0396 0.2667
0 0.6062 0.2556 0.5958 0.2630 0.5813 0.2889 0.5813 0.2963 0.5917 0.3074 0.6104 0.3074 0.6208 0.2963 0.6333 0.2926 0.6396 0.2778 0.6396 0.2667 0.6333 0.2556
0 0.6500 0.2630 0.6438 0.3037 0.6479 0.3222 0.6708 0.3222 0.6937 0.3000 0.6979 0.2741 0.6896 0.2630
0 0.7208 0.2222 0.7083 0.2333 0.7021 0.2481 0.7021 0.2741 0.7083 0.2778 0.7229 0.2778 0.7438 0.2556 0.7438 0.2296 0.7333 0.2222
0 0.6729 0.2074 0.6479 0.2370 0.6458 0.2519 0.6521 0.2630 0.6687 0.2556 0.6958 0.2593 0.7000 0.2444 0.7000 0.2222 0.6937 0.2074
0 0.7521 0.1852 0.7458 0.2111 0.7458 0.2296 0.7500 0.2370 0.7667 0.2370 0.7833 0.2185 0.7771 0.2148 0.7792 0.1926 0.7625 0.1852
0 0.7042 0.1852 0.6958 0.1963 0.7104 0.2148 0.7104 0.2296 0.7312 0.2148 0.7292 0.1963 0.7188 0.1852
0 0.7521 0.1556 0.7438 0.1704 0.7438 0.1889 0.7562 0.1778 0.7708 0.1815 0.7708 0.1630 0.7646 0.1556
0 0.7792 0.1370 0.7708 0.1481 0.7708 0.1556 0.7812 0.1630 0.7979 0.1593 0.8021 0.1444 0.7958 0.1370
0 0.2542 0.3370 0.2437 0.3444 0.2437 0.3704 0.2562 0.4111 0.2833 0.4444 0.2875 0.4444 0.2875 0.4296 0.2833 0.4259 0.2896 0.4185 0.2979 0.4259 0.3146 0.4259 0.2792 0.3556 0.2562 0.3407
0 0.3750 0.4185 0.3688 0.4259 0.3688 0.4333 0.3750 0.4370 0.3750 0.4556 0.3875 0.4704 0.3979 0.4926 0.4104 0.4963 0.4292 0.5185 0.4354 0.5148 0.4354 0.5074 0.4271 0.4630 0.3979 0.4185
0 0.2208 0.2148 0.2167 0.2259 0.2188 0.2519 0.2250 0.2630 0.2437 0.2593 0.2500 0.2519 0.2500 0.2407 0.2417 0.2259 0.2354 0.2185 0.2229 0.2185
0 0.1812 0.2333 0.1812 0.2630 0.1854 0.2852 0.1979 0.2815 0.2000 0.2741 0.1979 0.2593 0.1875 0.2333
0 0.8021 0.1630 0.7875 0.1741 0.7896 0.1889 0.7937 0.1889 0.7896 0.1852 0.7979 0.1741 0.8000 0.1963 0.7937 0.1963 0.8063 0.2037 0.8146 0.1852 0.8104 0.1704 0.8042 0.1667
0 0.1875 0.1815 0.1812 0.1889 0.1812 0.2074 0.1896 0.2259 0.2125 0.2222 0.2167 0.2037 0.2062 0.1815
0 0.1417 0.1074 0.1375 0.1148 0.1375 0.1481 0.1562 0.1519 0.1604 0.1444 0.1542 0.1259 0.1437 0.1222 0.1437 0.1111
0 0.1729 0.1593 0.1729 0.1778 0.1896 0.1741 0.1854 0.1593
0 0.8250 0.1370 0.8208 0.1481 0.8187 0.1778 0.8229 0.1815 0.8271 0.1741 0.8292 0.1556 0.8333 0.1481 0.8292 0.1444