0 0.7196 0.7694 0.7163 0.7778 0.6763 0.7722 0.6731 0.7778 0.6763 0.7861 0.6763 0.7972 0.6731 0.8028 0.6699 0.7972 0.6699 0.7833 0.6651 0.7833 0.6571 0.8028 0.6554 0.8139 0.6587 0.8194 0.6587 0.8306 0.6571 0.8333 0.6554 0.8250 0.6522 0.8250 0.6458 0.8361 0.6410 0.8528 0.6442 0.8639 0.6378 0.8694 0.6266 0.8917 0.6250 0.9333 0.6202 0.9417 0.6218 0.9472 0.6186 0.9500 0.6186 0.9972 0.6234 0.9972 0.6250 0.9694 0.6330 0.9611 0.6362 0.9667 0.6346 0.9778 0.6378 0.9833 0.6378 0.9944 0.6426 0.9972 0.8654 0.9972 0.8686 0.9528 0.8606 0.9000 0.8542 0.8917 0.8478 0.8556 0.8413 0.8444 0.8429 0.8389 0.8365 0.8167 0.8317 0.8056 0.8253 0.8000 0.8253 0.7889 0.8221 0.7833 0.7804 0.7750 0.7788 0.7806 0.7644 0.7806 0.7644 0.7944 0.7580 0.7972 0.7532 0.7861 0.7548 0.7806 0.7372 0.7806 0.7308 0.7694 0.7212 0.7694
0 0.4455 0.7194 0.4247 0.7278 0.4087 0.7583 0.3958 0.8028 0.3974 0.8083 0.4054 0.8139 0.4071 0.8250 0.4183 0.8444 0.4231 0.8694 0.4327 0.8917 0.4343 0.9028 0.4359 0.8861 0.4423 0.8750 0.4519 0.8806 0.4599 0.8917 0.4599 0.9000 0.4567 0.9056 0.4439 0.9083 0.4407 0.9139 0.4471 0.9333 0.4519 0.9361 0.4567 0.9472 0.4615 0.9806 0.4663 0.9806 0.4696 0.9750 0.4936 0.9750 0.5240 0.9833 0.5593 0.9833 0.5641 0.9917 0.5753 0.9917 0.5785 0.9972 0.5833 0.9889 0.5946 0.9944 0.5994 0.9806 0.6058 0.8972 0.6010 0.8722 0.6010 0.8556 0.5978 0.8472 0.6074 0.8361 0.6074 0.8278 0.6010 0.8278 0.5994 0.8361 0.5897 0.8333 0.5833 0.7972 0.5593 0.7361 0.5465 0.7278 0.5016 0.7194
0 0.7356 0.5972 0.7244 0.6028 0.7131 0.6278 0.7452 0.6306 0.7564 0.6444 0.7564 0.6500 0.7644 0.6639 0.7692 0.6889 0.7788 0.7083 0.7804 0.7250 0.7853 0.7389 0.7853 0.7639 0.7933 0.7694 0.8157 0.7722 0.8301 0.7806 0.8365 0.7778 0.8381 0.7611 0.8446 0.7472 0.8446 0.6889 0.8365 0.6722 0.8301 0.6667 0.8301 0.6528 0.8173 0.6083 0.7772 0.5972
0 0.6635 0.6278 0.6538 0.6306 0.6410 0.6528 0.6731 0.6556 0.6843 0.6611 0.6923 0.6806 0.7035 0.6972 0.7083 0.7250 0.7196 0.7611 0.7532 0.7667 0.7837 0.7639 0.7853 0.7417 0.7837 0.7306 0.7756 0.7111 0.7772 0.6972 0.7516 0.6361 0.7404 0.6306 0.7147 0.6278
0 0.5833 0.6556 0.5753 0.6639 0.5673 0.6806 0.5673 0.6889 0.5897 0.6917 0.6010 0.7083 0.6010 0.7167 0.6090 0.7417 0.6138 0.7778 0.6250 0.8056 0.6250 0.8194 0.6378 0.8444 0.6394 0.8361 0.6458 0.8278 0.6490 0.8083 0.6522 0.8056 0.6554 0.7917 0.6715 0.7667 0.7179 0.7611 0.7131 0.7472 0.7083 0.7167 0.7035 0.7056 0.7035 0.6972 0.6843 0.6639 0.6538 0.6556
0 0.5256 0.3472 0.5048 0.3611 0.4904 0.3806 0.4856 0.4000 0.4840 0.4278 0.4792 0.4389 0.4744 0.4972 0.4792 0.5056 0.4936 0.5028 0.5112 0.5083 0.5208 0.5139 0.5272 0.5250 0.5304 0.5361 0.5337 0.5722 0.5417 0.5833 0.5401 0.5917 0.5433 0.6083 0.5433 0.6278 0.5465 0.6361 0.5449 0.6417 0.5513 0.6639 0.5561 0.6583 0.5801 0.6528 0.5865 0.6472 0.6346 0.6444 0.6394 0.6222 0.6522 0.6194 0.6474 0.6139 0.6474 0.6028 0.6394 0.6000 0.6362 0.5861 0.6378 0.5750 0.6330 0.5583 0.6346 0.5306 0.6298 0.4972 0.6314 0.4694 0.6250 0.4417 0.6266 0.4306 0.6202 0.3889 0.6122 0.3583 0.6026 0.3472
0 0.4583 0.5056 0.4391 0.5083 0.4231 0.5167 0.4151 0.5361 0.4103 0.6056 0.4327 0.6056 0.4503 0.6111 0.4647 0.6472 0.4696 0.6667 0.4696 0.6778 0.4728 0.6833 0.4776 0.6833 0.4808 0.6778 0.4872 0.6833 0.5497 0.6833 0.5497 0.6583 0.5465 0.6500 0.5465 0.6333 0.5433 0.6278 0.5417 0.5917 0.5385 0.5778 0.5321 0.5667 0.5256 0.5250 0.5160 0.5139 0.4663 0.5056
0 0.3606 0.6056 0.3429 0.6111 0.3365 0.6222 0.3285 0.6583 0.3446 0.6750 0.3574 0.7083 0.3622 0.7306 0.3750 0.7444 0.3718 0.7500 0.3734 0.7667 0.3846 0.7861 0.3990 0.7778 0.4071 0.7528 0.4231 0.7250 0.4391 0.7167 0.4551 0.7167 0.4728 0.6833 0.4696 0.6667 0.4631 0.6528 0.4599 0.6333 0.4487 0.6139 0.4215 0.6083 0.3622 0.6056
0 0.2500 0.6556 0.2196 0.6583 0.2067 0.6722 0.1891 0.7139 0.1907 0.7417 0.2035 0.7667 0.2035 0.7778 0.2083 0.7806 0.2115 0.7889 0.2212 0.7806 0.2596 0.7750 0.2628 0.7778 0.2724 0.7722 0.3205 0.7778 0.3205 0.7667 0.3317 0.7611 0.3285 0.7500 0.3333 0.7417 0.3510 0.7472 0.3590 0.7583 0.3590 0.7639 0.3654 0.7611 0.3670 0.7444 0.3622 0.7361 0.3494 0.6917 0.3397 0.6722 0.3333 0.6722 0.3237 0.6611 0.2628 0.6611 0.2548 0.6556
0 0.2548 0.7833 0.2212 0.7889 0.2099 0.7972 0.1859 0.8528 0.1923 0.8833 0.2019 0.8944 0.2083 0.9167 0.2179 0.9250 0.2179 0.9333 0.2692 0.9361 0.2772 0.9278 0.2788 0.9111 0.2837 0.9028 0.2965 0.9000 0.3157 0.8806 0.3349 0.8806 0.3397 0.8833 0.3462 0.9000 0.3702 0.9111 0.3750 0.9194 0.3766 0.9306 0.3910 0.9500 0.4183 0.9472 0.4343 0.9583 0.4391 0.9806 0.4455 0.9917 0.4503 0.9917 0.4551 0.9806 0.4583 0.9639 0.4567 0.9556 0.4407 0.9222 0.4295 0.9083 0.4311 0.8917 0.4263 0.8861 0.4199 0.8583 0.4038 0.8167 0.3894 0.7972 0.3253 0.7833
0 0.6731 0.3639 0.6651 0.3694 0.6603 0.3806 0.6506 0.4250 0.6538 0.4306 0.6763 0.4333 0.6875 0.4556 0.6923 0.4833 0.7244 0.4806 0.7276 0.4917 0.7324 0.4972 0.7388 0.4972 0.7404 0.4917 0.7420 0.4333 0.7276 0.3750 0.7083 0.3639
0 0.7484 0.3028 0.7420 0.3056 0.7308 0.3361 0.7163 0.3583 0.7324 0.3778 0.7356 0.4028 0.7388 0.4083 0.7837 0.4083 0.7917 0.4111 0.7965 0.4194 0.8077 0.4167 0.8109 0.3917 0.8109 0.3750 0.8077 0.3722 0.8077 0.3556 0.8045 0.3417 0.7933 0.3083 0.7660 0.3028
0 0.6282 0.4306 0.6266 0.4444 0.6298 0.4556 0.6298 0.4694 0.6410 0.4861 0.6490 0.4833 0.6538 0.4944 0.6538 0.5278 0.6506 0.5333 0.6571 0.5472 0.6571 0.5583 0.6667 0.5639 0.6731 0.5611 0.6779 0.5806 0.6827 0.5861 0.6859 0.5861 0.6923 0.5750 0.6955 0.5222 0.6939 0.4917 0.6875 0.4639 0.6763 0.4361 0.6394 0.4306
0 0.3061 0.4333 0.2981 0.4361 0.2949 0.4417 0.2772 0.4389 0.2660 0.4611 0.3029 0.4667 0.3109 0.4861 0.3109 0.5028 0.3173 0.5194 0.3173 0.5333 0.3269 0.5500 0.3253 0.5556 0.3301 0.5889 0.3413 0.5861 0.3462 0.6000 0.3558 0.5972 0.3574 0.5917 0.3574 0.5528 0.3606 0.5361 0.3590 0.4944 0.3542 0.4861 0.3494 0.4583 0.3381 0.4389 0.3269 0.4333 0.3077 0.4333
0 0.2260 0.4861 0.2035 0.4889 0.1923 0.4972 0.1891 0.5056 0.1923 0.5111 0.2404 0.5139 0.2468 0.5250 0.2484 0.5361 0.2580 0.5611 0.2580 0.5694 0.2628 0.5694 0.2708 0.5833 0.2724 0.6139 0.2676 0.6167 0.2740 0.6278 0.2708 0.6333 0.2676 0.6306 0.2676 0.6444 0.2708 0.6500 0.2901 0.6472 0.2933 0.5750 0.2901 0.5639 0.2917 0.5556 0.2869 0.5583 0.2804 0.5500 0.2821 0.5417 0.2692 0.4917 0.2292 0.4861
0 0.1907 0.5139 0.2019 0.5750 0.2003 0.6028 0.2035 0.6056 0.2035 0.6139 0.2115 0.6250 0.2147 0.6417 0.2115 0.6528 0.2388 0.6528 0.2612 0.6472 0.2644 0.6389 0.2660 0.6083 0.2692 0.6056 0.2644 0.5917 0.2676 0.5861 0.2708 0.5889 0.2676 0.5861 0.2628 0.5694 0.2548 0.5667 0.2564 0.5556 0.2404 0.5167 0.2244 0.5139
0 0.1923 0.5139 0.1907 0.5194 0.1955 0.5333 0.1987 0.5611 0.2019 0.5667 0.2003 0.5944 0.2035 0.6139 0.2115 0.6222 0.2131 0.6333 0.2179 0.6417 0.2179 0.6528 0.2548 0.6500 0.2612 0.6444 0.2660 0.6361 0.2644 0.6250 0.2660 0.6111 0.2692 0.6056 0.2660 0.5944 0.2676 0.5833 0.2660 0.5750 0.2580 0.5722 0.2548 0.5667 0.2564 0.5556 0.2404 0.5167 0.1955 0.5139
0 0.1410 0.5056 0.0881 0.5167 0.0721 0.5444 0.0705 0.5528 0.1458 0.5472 0.1571 0.5500 0.1699 0.5667 0.1779 0.5694 0.1875 0.5889 0.1859 0.6028 0.1939 0.6056 0.1971 0.6139 0.2019 0.6139 0.2003 0.6111 0.2035 0.6083 0.2035 0.5722 0.1987 0.5583 0.1987 0.5389 0.1955 0.5306 0.2019 0.5278 0.2035 0.5222 0.2083 0.5278 0.2147 0.5250 0.2179 0.5222 0.2179 0.5167 0.1939 0.5167 0.1875 0.5083 0.1619 0.5056
0 0.0897 0.5528 0.0481 0.5639 0.0401 0.5944 0.0433 0.6083 0.0545 0.6028 0.1202 0.6056 0.1330 0.6389 0.1410 0.6750 0.1506 0.6750 0.1571 0.6833 0.1538 0.6889 0.1490 0.6889 0.1554 0.6917 0.1490 0.6972 0.1506 0.7056 0.1699 0.7083 0.1811 0.7167 0.1859 0.7139 0.1875 0.6889 0.2003 0.6722 0.2003 0.6556 0.1939 0.6500 0.2003 0.6306 0.1987 0.6111 0.1939 0.6056 0.1875 0.6056 0.1891 0.6194 0.1843 0.6278 0.1795 0.6167 0.1795 0.6056 0.1747 0.5972 0.1763 0.5917 0.1875 0.5917 0.1827 0.5778 0.1763 0.5694 0.1699 0.5694 0.1619 0.5556 0.0913 0.5528
0 0.0785 0.6028 0.0433 0.6056 0.0433 0.6194 0.0753 0.6250 0.0865 0.6417 0.0978 0.6861 0.1122 0.7056 0.1378 0.7056 0.1426 0.6917 0.1458 0.6972 0.1410 0.6889 0.1410 0.6694 0.1314 0.6333 0.1202 0.6083 0.0897 0.6028
0 0.0353 0.6250 0.0080 0.6306 0.0000 0.6278 0.0000 0.6917 0.0064 0.7056 0.0048 0.7278 0.0096 0.7333 0.0192 0.7333 0.0321 0.7139 0.0481 0.7056 0.1090 0.7028 0.1058 0.6972 0.1058 0.6889 0.0994 0.6861 0.0865 0.6444 0.0721 0.6250
0 0.0497 0.7111 0.0321 0.7194 0.0224 0.7389 0.0417 0.7472 0.0625 0.7861 0.0641 0.7972 0.0705 0.8083 0.1090 0.8111 0.1218 0.8083 0.1298 0.8000 0.1394 0.8000 0.1538 0.8083 0.1651 0.8056 0.1795 0.8278 0.1779 0.8389 0.1811 0.8472 0.2003 0.8111 0.2067 0.7917 0.2051 0.7833 0.1843 0.7306 0.1763 0.7194 0.1314 0.7111
0 0.3253 0.3972 0.3189 0.4167 0.3173 0.4333 0.3269 0.4306 0.3381 0.4361 0.3478 0.4556 0.3494 0.4667 0.3574 0.4806 0.3558 0.5000 0.3590 0.5028 0.3574 0.5083 0.3622 0.5222 0.3606 0.5361 0.3638 0.5333 0.3654 0.5167 0.3734 0.5028 0.3846 0.5056 0.3878 0.5111 0.3846 0.5167 0.3878 0.5528 0.3878 0.5972 0.3894 0.4000 0.3269 0.4000
0 0.0465 0.4389 0.0353 0.4444 0.0288 0.4583 0.0256 0.4750 0.0337 0.4861 0.0401 0.5139 0.0433 0.5167 0.0481 0.5333 0.0481 0.5417 0.0529 0.5444 0.0657 0.5389 0.0625 0.5389 0.0625 0.5333 0.0721 0.5389 0.0897 0.5139 0.1218 0.5028 0.1218 0.4944 0.1106 0.4556 0.1042 0.4417 0.0994 0.4389
0 0.1122 0.4278 0.0897 0.4333 0.1026 0.4389 0.1122 0.4528 0.1186 0.4750 0.1186 0.4861 0.1250 0.5028 0.1651 0.5028 0.1795 0.4972 0.1795 0.4806 0.1715 0.4639 0.1667 0.4389 0.1538 0.4278
0 0.2548 0.3500 0.2356 0.3583 0.2260 0.3750 0.2196 0.3972 0.2196 0.4667 0.2356 0.4667 0.2468 0.4583 0.2628 0.4556 0.2772 0.4333 0.3093 0.4278 0.3109 0.4222 0.3077 0.4167 0.3013 0.3722 0.2933 0.3556 0.2788 0.3500
0 0.1603 0.1611 0.1490 0.1667 0.1170 0.1694 0.0785 0.1889 0.0497 0.1944 0.0465 0.2000 0.0465 0.2389 0.0625 0.2417 0.0673 0.2472 0.0721 0.3306 0.0705 0.4139 0.0737 0.4278 0.0833 0.4306 0.0929 0.4250 0.1154 0.4222 0.1571 0.4250 0.1635 0.4278 0.1715 0.4389 0.1731 0.4583 0.1763 0.4556 0.1747 0.4472 0.1795 0.4361 0.1939 0.4361 0.1987 0.4306 0.2051 0.4333 0.2099 0.4278 0.2163 0.3944 0.2244 0.3722 0.2276 0.3417 0.2228 0.1722 0.2131 0.1667 0.1779 0.1667 0.1731 0.1611
0 0.0176 0.2417 0.0000 0.2444 0.0000 0.3056 0.0032 0.3083 0.0032 0.3222 0.0160 0.3750 0.0144 0.3861 0.0096 0.3917 0.0112 0.4028 0.0080 0.4333 0.0000 0.4639 0.0144 0.4639 0.0128 0.4583 0.0176 0.4472 0.0208 0.4556 0.0385 0.4361 0.0673 0.4333 0.0705 0.4306 0.0721 0.4194 0.0689 0.2917 0.0705 0.2778 0.0673 0.2500 0.0641 0.2444 0.0481 0.2417 0.0192 0.2444
0 0.8301 0.2389 0.8269 0.2639 0.8173 0.2778 0.8157 0.2889 0.8173 0.3028 0.8141 0.3139 0.8141 0.3861 0.8205 0.4000 0.8157 0.4444 0.8221 0.4500 0.8686 0.4528 0.8766 0.4583 0.8910 0.4806 0.9087 0.4806 0.9135 0.4694 0.9135 0.4583 0.9199 0.4361 0.9231 0.4111 0.9311 0.3972 0.9519 0.3917 0.9519 0.3472 0.9551 0.3361 0.9503 0.3056 0.9471 0.3083 0.9391 0.2972 0.9455 0.2944 0.9487 0.2861 0.9391 0.2861 0.9439 0.2778 0.9375 0.2722 0.9375 0.2611 0.9423 0.2556 0.9423 0.2444 0.9375 0.2417 0.9215 0.2500 0.9167 0.2417 0.9087 0.2444 0.8926 0.2389
0 0.7708 0.5333 0.7436 0.5361 0.7388 0.5417 0.7308 0.5389 0.7276 0.5444 0.7324 0.5444 0.7340 0.5500 0.7244 0.5583 0.7292 0.5583 0.7324 0.5639 0.7228 0.5889 0.7163 0.5833 0.7147 0.5889 0.7212 0.5944 0.7196 0.6056 0.7244 0.6056 0.7260 0.6000 0.7324 0.5972 0.7917 0.5972 0.8125 0.6028 0.8189 0.6111 0.8221 0.6306 0.8269 0.6417 0.8285 0.6694 0.8333 0.6750 0.8413 0.6694 0.8446 0.6778 0.8494 0.6694 0.8478 0.6500 0.8446 0.6444 0.8317 0.5556 0.8189 0.5417 0.7772 0.5333
0 0.8077 0.4472 0.7997 0.4611 0.7901 0.4889 0.7692 0.4944 0.7772 0.5056 0.7692 0.5278 0.7821 0.5333 0.8253 0.5389 0.8301 0.5306 0.8237 0.5306 0.8205 0.5222 0.8173 0.5222 0.8157 0.5194 0.8205 0.5167 0.8125 0.5167 0.8125 0.5278 0.8061 0.5306 0.8061 0.5167 0.7837 0.5167 0.7804 0.5111 0.7821 0.5083 0.7869 0.5083 0.7869 0.5028 0.7981 0.5000 0.8333 0.5000 0.8478 0.5083 0.8558 0.5278 0.8622 0.5611 0.8702 0.5778 0.8686 0.6056 0.8750 0.6194 0.8878 0.6194 0.8942 0.6028 0.8926 0.5972 0.8958 0.5194 0.8926 0.5167 0.8958 0.5111 0.8926 0.5167 0.8910 0.5139 0.8782 0.4639 0.8734 0.4583 0.8173 0.4528 0.8109 0.4472
0 0.7869 0.4972 0.7788 0.5000 0.7692 0.5306 0.8077 0.5361 0.8253 0.5444 0.8317 0.5556 0.8397 0.6111 0.8494 0.6528 0.8478 0.6611 0.8526 0.6694 0.8654 0.6667 0.8686 0.6611 0.8702 0.5778 0.8654 0.5556 0.8606 0.5472 0.8622 0.5417 0.8526 0.5167 0.8413 0.5028 0.7965 0.4972
0 0.9375 0.3972 0.9327 0.4000 0.9231 0.4194 0.9119 0.4944 0.9135 0.5083 0.9022 0.5667 0.9022 0.5889 0.9054 0.6056 0.9038 0.6194 0.9071 0.6333 0.9151 0.6417 0.9215 0.6389 0.9327 0.6222 0.9679 0.6194 0.9792 0.6056 0.9856 0.5556 0.9920 0.5333 0.9984 0.5222 0.9984 0.4000 0.9904 0.3972
0 0.9760 0.6833 0.9631 0.6889 0.9535 0.7056 0.9519 0.7167 0.9439 0.7278 0.9455 0.7306 0.9407 0.7361 0.9391 0.7472 0.9343 0.7528 0.9311 0.7500 0.9343 0.7528 0.9279 0.8056 0.9279 0.9139 0.9311 0.9222 0.9423 0.9222 0.9503 0.9167 0.9567 0.8889 0.9984 0.8889 0.9984 0.6861 0.9856 0.6833
0 0.9792 0.6389 0.9615 0.6417 0.9519 0.6583 0.9455 0.6806 0.9455 0.6889 0.9407 0.6944 0.9407 0.7111 0.9327 0.7306 0.9423 0.7361 0.9487 0.7222 0.9503 0.7111 0.9647 0.6861 0.9760 0.6806 0.9984 0.6806 0.9984 0.6417 0.9936 0.6389