0 0.5720 0.7333 0.5609 0.7417 0.5609 0.7472 0.5517 0.7611 0.5480 0.7611 0.5277 0.8222 0.5166 0.8444 0.5166 0.8861 0.5406 0.8889 0.5443 0.8944 0.5683 0.9028 0.5812 0.9167 0.5849 0.9306 0.6439 0.9333 0.6476 0.9389 0.6550 0.9361 0.6624 0.9028 0.6808 0.8750 0.6900 0.8694 0.6937 0.8417 0.6937 0.8028 0.6882 0.7778 0.6845 0.7722 0.6790 0.7722 0.6550 0.7417 0.6236 0.7333
0 0.6642 0.6583 0.6494 0.6778 0.6384 0.7083 0.6384 0.7167 0.6679 0.7444 0.6734 0.7556 0.6808 0.7611 0.6882 0.7583 0.6919 0.7694 0.6956 0.7583 0.7122 0.7583 0.7159 0.7667 0.7196 0.7611 0.7269 0.7611 0.7306 0.7667 0.7269 0.7750 0.7306 0.7778 0.7509 0.7611 0.7509 0.7500 0.7546 0.7444 0.7546 0.7056 0.7491 0.7028 0.7472 0.6944 0.7417 0.6917 0.7343 0.6750 0.7343 0.6806 0.7306 0.6833 0.7196 0.6611 0.7048 0.6583
0 0.4889 0.6500 0.4760 0.6528 0.4705 0.6583 0.4520 0.6889 0.4483 0.7056 0.4391 0.7250 0.4373 0.7722 0.4410 0.7778 0.4576 0.7806 0.4705 0.7972 0.5203 0.7944 0.5277 0.8000 0.5351 0.7917 0.5443 0.7556 0.5554 0.7472 0.5609 0.7306 0.5904 0.7194 0.5867 0.7111 0.5904 0.7028 0.5867 0.7028 0.5849 0.7111 0.5738 0.7139 0.5738 0.6861 0.5775 0.6833 0.5646 0.6639 0.5517 0.6556 0.5166 0.6556 0.4982 0.6500
0 0.3118 0.7389 0.2712 0.7528 0.2399 0.7806 0.2306 0.8028 0.2085 0.8278 0.2030 0.8611 0.2085 0.8861 0.2085 0.9139 0.2140 0.9333 0.2546 0.9444 0.2786 0.9444 0.2860 0.9528 0.2915 0.9500 0.3007 0.9556 0.3321 0.9528 0.3450 0.9472 0.3506 0.9278 0.3635 0.9194 0.3838 0.8806 0.3985 0.8806 0.4096 0.8722 0.4336 0.8722 0.4391 0.8833 0.4428 0.8806 0.4539 0.8861 0.4631 0.8806 0.4649 0.8083 0.4576 0.7861 0.4244 0.7750 0.3967 0.7500 0.3708 0.7472 0.3542 0.7389
0 0.0738 0.7472 0.0295 0.7583 0.0000 0.7833 0.0000 0.9333 0.0129 0.9333 0.0166 0.9278 0.0369 0.9306 0.0554 0.9250 0.0978 0.9250 0.1070 0.9139 0.1144 0.9139 0.1974 0.8722 0.2030 0.8306 0.2140 0.8111 0.2232 0.8083 0.2288 0.7944 0.2159 0.7806 0.1808 0.7750 0.1531 0.7556 0.1273 0.7528 0.1162 0.7472
0 0.3173 0.6611 0.2841 0.6667 0.2528 0.6944 0.2288 0.7333 0.2306 0.7806 0.2399 0.7778 0.2491 0.7639 0.2675 0.7500 0.3063 0.7306 0.3745 0.7361 0.4041 0.7500 0.4096 0.7583 0.4151 0.7556 0.4170 0.7222 0.4096 0.6972 0.4022 0.6889 0.3893 0.6861 0.3653 0.6667 0.3229 0.6611
0 0.5978 0.6028 0.6015 0.6083 0.5996 0.6139 0.5941 0.6111 0.5683 0.6167 0.5590 0.6278 0.5517 0.6472 0.5535 0.6528 0.5646 0.6583 0.5793 0.6778 0.5867 0.6806 0.6015 0.7111 0.6107 0.7083 0.6236 0.7167 0.6310 0.7139 0.6494 0.6722 0.6642 0.6528 0.6642 0.6444 0.6587 0.6306 0.6531 0.6306 0.6384 0.6083 0.6070 0.6083 0.6070 0.6028
0 0.7565 0.5806 0.7399 0.5861 0.7177 0.6111 0.7196 0.6306 0.7177 0.6389 0.7122 0.6444 0.7122 0.6528 0.7251 0.6556 0.7454 0.6778 0.7565 0.6972 0.7768 0.6972 0.7934 0.7056 0.8210 0.6750 0.8303 0.6722 0.8358 0.6639 0.8450 0.6639 0.8450 0.6278 0.8339 0.5972 0.8229 0.5944 0.8173 0.5861 0.7934 0.5861 0.7860 0.5806 0.7768 0.5861 0.7583 0.5806
0 0.1568 0.6639 0.1494 0.6694 0.1458 0.6667 0.1236 0.6722 0.1089 0.6833 0.0830 0.7139 0.0683 0.7222 0.0590 0.7444 0.0646 0.7472 0.0867 0.7417 0.1218 0.7417 0.1273 0.7472 0.1531 0.7500 0.1808 0.7694 0.2048 0.7750 0.2232 0.7750 0.2269 0.7556 0.2269 0.7333 0.2472 0.7000 0.2472 0.6944 0.2454 0.6889 0.2214 0.6722 0.1993 0.6639
0 0.4576 0.6028 0.4410 0.6111 0.4077 0.6639 0.4077 0.6917 0.4207 0.7111 0.4262 0.7139 0.4446 0.7083 0.4594 0.6722 0.4668 0.6639 0.4705 0.6528 0.4779 0.6472 0.5240 0.6444 0.5387 0.6528 0.5517 0.6528 0.5480 0.6333 0.5314 0.6250 0.5166 0.6111 0.4982 0.6083 0.4908 0.6028
0 0.4133 0.5889 0.4041 0.5917 0.3967 0.6000 0.3838 0.6361 0.3838 0.6417 0.3911 0.6444 0.3967 0.6611 0.4022 0.6667 0.4428 0.6056 0.4391 0.5917 0.4354 0.5889
0 0.6882 0.5611 0.6734 0.5667 0.6605 0.5639 0.6531 0.5694 0.6494 0.5778 0.6458 0.5778 0.6328 0.6000 0.6365 0.6056 0.6421 0.6056 0.6550 0.6250 0.6605 0.6278 0.6697 0.6528 0.7066 0.6528 0.7103 0.6417 0.7085 0.6167 0.7251 0.6000 0.7251 0.5861 0.7159 0.5806 0.7122 0.5722 0.6919 0.5611
0 0.2159 0.5694 0.2011 0.5750 0.1863 0.6028 0.1697 0.6194 0.1734 0.6528 0.2159 0.6639 0.2232 0.6639 0.2343 0.6556 0.2472 0.6583 0.2491 0.6500 0.2546 0.6472 0.2657 0.6278 0.2731 0.6222 0.2841 0.6222 0.2915 0.6056 0.2915 0.6000 0.2841 0.5889 0.2675 0.5750 0.2196 0.5694
0 0.3598 0.5694 0.3561 0.5750 0.3247 0.5722 0.3044 0.5861 0.2860 0.6194 0.2638 0.6333 0.2583 0.6417 0.2528 0.6722 0.2546 0.6833 0.2583 0.6778 0.2620 0.6806 0.2675 0.6667 0.2712 0.6694 0.2804 0.6583 0.3745 0.6528 0.3819 0.6583 0.3782 0.6667 0.3801 0.6694 0.3875 0.6556 0.3911 0.6611 0.3967 0.6611 0.3930 0.6500 0.3838 0.6417 0.3875 0.6361 0.3893 0.6167 0.4022 0.5889 0.4004 0.5833 0.3838 0.5694 0.3616 0.5694
0 0.5166 0.4444 0.5037 0.4472 0.5000 0.4528 0.4963 0.4667 0.4945 0.4972 0.5037 0.5000 0.5166 0.5222 0.5387 0.5194 0.5443 0.5083 0.5498 0.5167 0.5830 0.5111 0.5830 0.4639 0.5738 0.4472 0.5185 0.4472
0 0.5646 0.5639 0.5295 0.5722 0.5221 0.5778 0.5129 0.5944 0.5148 0.6028 0.5314 0.6222 0.5369 0.6222 0.5498 0.6333 0.5535 0.6333 0.5683 0.6139 0.5886 0.6111 0.5941 0.6000 0.6070 0.5972 0.6070 0.5861 0.6033 0.5806 0.5886 0.5694 0.5701 0.5639
0 0.0295 0.6083 0.0240 0.6139 0.0000 0.6222 0.0000 0.7083 0.0295 0.7000 0.0332 0.6917 0.0369 0.6917 0.0406 0.6833 0.0480 0.6778 0.0720 0.6667 0.1052 0.6583 0.1070 0.6556 0.0978 0.6556 0.0941 0.6472 0.1107 0.6389 0.1236 0.6417 0.1255 0.6528 0.1494 0.6528 0.1458 0.6417 0.1255 0.6361 0.1218 0.6389 0.0941 0.6139 0.0738 0.6083
0 0.7085 0.5333 0.6956 0.5417 0.6900 0.5583 0.7048 0.5639 0.7269 0.5917 0.7325 0.5917 0.7362 0.5833 0.7509 0.5750 0.7565 0.5639 0.7565 0.5556 0.7491 0.5500 0.7435 0.5528 0.7343 0.5361 0.7122 0.5333
0 0.0941 0.5500 0.0701 0.5583 0.0535 0.5750 0.0369 0.5833 0.0314 0.5917 0.0314 0.6000 0.0351 0.6056 0.0886 0.6083 0.1107 0.6278 0.1328 0.6306 0.1531 0.6250 0.1550 0.6306 0.1513 0.6417 0.1661 0.6361 0.1679 0.6139 0.1808 0.6056 0.1845 0.5972 0.1845 0.5861 0.1771 0.5778 0.1734 0.5889 0.1697 0.5833 0.1697 0.5694 0.1624 0.5694 0.1347 0.5500
0 0.4207 0.8778 0.4244 0.8833 0.4207 0.8917 0.4096 0.8861 0.4041 0.8917 0.3875 0.8917 0.3764 0.9028 0.3745 0.9111 0.3579 0.9306 0.3395 0.9667 0.3173 0.9972 0.5793 0.9972 0.5812 0.9472 0.5756 0.9194 0.5590 0.9083 0.5461 0.9083 0.5332 0.9000 0.5203 0.9028 0.5092 0.8917 0.5000 0.8917 0.4889 0.8833 0.4852 0.8833 0.4815 0.8917 0.4520 0.8917 0.4373 0.8889 0.4336 0.8778