0 0.0370 0.4722 0.0148 0.4917 0.0000 0.5111 0.0000 0.5778 0.0055 0.5889 0.0665 0.6528 0.0795 0.6556 0.0980 0.6833 0.1091 0.6861 0.1405 0.7139 0.1516 0.7194 0.1571 0.7278 0.1682 0.7333 0.1756 0.7306 0.1941 0.7083 0.2052 0.6861 0.2126 0.6833 0.2163 0.6722 0.2181 0.6444 0.2015 0.6000 0.1941 0.5917 0.1904 0.5806 0.1719 0.5639 0.1590 0.5611 0.1516 0.5500 0.1386 0.5444 0.0887 0.5028 0.0758 0.4972 0.0444 0.4722
0 0.1885 0.4889 0.1608 0.5306 0.1590 0.5472 0.1645 0.5556 0.1904 0.5722 0.1996 0.5889 0.2126 0.5889 0.2218 0.6000 0.2440 0.6056 0.2625 0.6222 0.2865 0.6194 0.2994 0.6056 0.3124 0.5750 0.3124 0.5583 0.2957 0.5417 0.2810 0.5361 0.2458 0.5111 0.2126 0.4944 0.2015 0.4944 0.1959 0.4889
0 0.4344 0.5167 0.3845 0.5306 0.3641 0.5444 0.3512 0.5472 0.3530 0.6111 0.3567 0.6167 0.3771 0.6139 0.3882 0.6278 0.3974 0.6250 0.4011 0.6167 0.4344 0.6111 0.4381 0.6056 0.4547 0.6056 0.4695 0.6000 0.4769 0.6028 0.4917 0.5917 0.4972 0.5917 0.5028 0.5833 0.5046 0.5611 0.5009 0.5389 0.4954 0.5250 0.4898 0.5194 0.4418 0.5167
0 0.6118 0.4528 0.5619 0.5056 0.5471 0.5361 0.5471 0.5667 0.5564 0.5833 0.5767 0.6028 0.5878 0.6028 0.5952 0.5972 0.6137 0.5667 0.6506 0.5278 0.6599 0.5028 0.6599 0.4889 0.6543 0.4778 0.6340 0.4583 0.6192 0.4528
0 0.8096 0.4861 0.7782 0.4972 0.7486 0.5000 0.6950 0.5139 0.6747 0.5333 0.6691 0.5333 0.6488 0.5500 0.6303 0.5889 0.6377 0.6111 0.6377 0.6194 0.6562 0.6361 0.6765 0.6417 0.7098 0.6417 0.7708 0.6250 0.7893 0.6250 0.8022 0.6194 0.8096 0.6111 0.8226 0.6139 0.8336 0.6083 0.8447 0.5583 0.8447 0.5361 0.8207 0.4861
0 0.6396 0.6722 0.6285 0.6833 0.6211 0.7194 0.6211 0.7472 0.6266 0.7556 0.6470 0.7750 0.6710 0.7750 0.7338 0.8028 0.7486 0.8167 0.7763 0.8194 0.7911 0.8194 0.7967 0.8083 0.8004 0.7833 0.8004 0.7333 0.7967 0.7278 0.7652 0.7083 0.7375 0.7000 0.7172 0.6889 0.6543 0.6722
0 0.5009 0.6056 0.4935 0.6083 0.4677 0.6500 0.4677 0.6583 0.4547 0.6806 0.4547 0.6889 0.4436 0.7111 0.4362 0.7389 0.4307 0.7444 0.4270 0.7556 0.4233 0.7556 0.4233 0.7639 0.4122 0.7944 0.4122 0.8111 0.4325 0.8333 0.4436 0.8361 0.4473 0.8417 0.4455 0.8444 0.4547 0.8472 0.4658 0.8444 0.4769 0.8250 0.4806 0.8250 0.4806 0.8167 0.4917 0.7944 0.4917 0.7861 0.4991 0.7750 0.4991 0.7667 0.5046 0.7611 0.5046 0.7556 0.5213 0.7250 0.5268 0.7056 0.5434 0.6750 0.5453 0.6611 0.5434 0.6361 0.5287 0.6167 0.5139 0.6083 0.5028 0.6083
0 0.2329 0.6667 0.2274 0.6694 0.2200 0.6833 0.2107 0.7194 0.2107 0.7472 0.2200 0.7583 0.2421 0.7611 0.2699 0.7750 0.3327 0.7833 0.3438 0.7917 0.3845 0.7972 0.3937 0.7778 0.3974 0.7611 0.3974 0.7111 0.3808 0.7000 0.3530 0.6944 0.3235 0.6806 0.2773 0.6694 0.2348 0.6694
0 0.3401 0.8250 0.2255 0.8472 0.2181 0.8667 0.2163 0.9028 0.2200 0.9472 0.2274 0.9667 0.2532 0.9667 0.3087 0.9528 0.3420 0.9500 0.3900 0.9333 0.3956 0.9222 0.3937 0.8472 0.3882 0.8361 0.3641 0.8250
0 0.5157 0.8472 0.5046 0.8611 0.5009 0.8722 0.4806 0.9972 0.5527 0.9972 0.5545 0.9917 0.5601 0.9361 0.5675 0.9139 0.5656 0.9083 0.5693 0.9028 0.5656 0.8944 0.5638 0.8694 0.5508 0.8556 0.5250 0.8472
0 0.5675 0.3750 0.5342 0.3944 0.4898 0.4472 0.4898 0.4833 0.5139 0.5111 0.5397 0.5056 0.5527 0.4833 0.5841 0.4528 0.5989 0.4333 0.6044 0.4111 0.6026 0.3972 0.5933 0.3861 0.5749 0.3750
0 0.4695 0.3472 0.4529 0.3583 0.4381 0.3806 0.4270 0.4056 0.4177 0.4167 0.4177 0.4278 0.4104 0.4444 0.4030 0.4778 0.4122 0.4861 0.4177 0.4861 0.4233 0.5000 0.4344 0.5000 0.4381 0.4806 0.4436 0.4861 0.4455 0.4778 0.4584 0.4778 0.4584 0.4722 0.4713 0.4556 0.4954 0.4083 0.4991 0.3694 0.4806 0.3500 0.4713 0.3472
0 0.3641 0.3472 0.3309 0.4000 0.3216 0.4333 0.3142 0.4472 0.3272 0.4556 0.3309 0.4611 0.3290 0.4667 0.3512 0.4639 0.3530 0.4722 0.3494 0.4778 0.3364 0.4722 0.3401 0.4806 0.3383 0.4833 0.3198 0.4833 0.3179 0.4806 0.3216 0.4722 0.3124 0.4722 0.3105 0.4611 0.3142 0.4583 0.3105 0.4556 0.3013 0.4833 0.3068 0.4944 0.3050 0.5000 0.3105 0.5083 0.3216 0.5083 0.3253 0.5139 0.3420 0.5194 0.3494 0.5139 0.3586 0.4889 0.3678 0.4861 0.3715 0.4806 0.3845 0.4556 0.3863 0.4444 0.3919 0.4417 0.4030 0.4250 0.4067 0.3778 0.3974 0.3583 0.3845 0.3472
0 0.2994 0.3222 0.2514 0.3667 0.2514 0.3722 0.2403 0.3917 0.2366 0.4083 0.2218 0.4306 0.2181 0.4528 0.2237 0.4750 0.2292 0.4806 0.2477 0.4861 0.2736 0.4750 0.2939 0.4361 0.3179 0.4000 0.3216 0.3972 0.3253 0.4028 0.3253 0.3972 0.3327 0.3861 0.3383 0.3500 0.3309 0.3444 0.3364 0.3417 0.3216 0.3250 0.3142 0.3222
0 0.1460 0.3222 0.1275 0.3333 0.0887 0.3694 0.0813 0.3806 0.0684 0.4194 0.0684 0.4333 0.0739 0.4472 0.0869 0.4639 0.0998 0.4722 0.1109 0.4694 0.1220 0.4500 0.1368 0.4389 0.1590 0.4139 0.1756 0.4083 0.1867 0.3861 0.1885 0.3750 0.1774 0.3472 0.1608 0.3278 0.1497 0.3222
0 0.0277 0.7889 0.0203 0.7972 0.0000 0.8361 0.0000 0.8667 0.0074 0.8778 0.0166 0.8806 0.0240 0.8917 0.0628 0.9167 0.0721 0.9333 0.0887 0.9389 0.1238 0.9611 0.1423 0.9583 0.1590 0.9306 0.1701 0.8972 0.1738 0.8694 0.1368 0.8389 0.1312 0.8389 0.1165 0.8278 0.0869 0.8194 0.0462 0.7972 0.0388 0.7889
0 0.6580 0.8750 0.6599 0.8917 0.6543 0.9333 0.6506 0.9417 0.6525 0.9611 0.6488 0.9806 0.6414 0.9972 0.7874 0.9972 0.7893 0.9889 0.7837 0.9333 0.7708 0.9167 0.7634 0.9167 0.7190 0.8944 0.6876 0.8861 0.6654 0.8861 0.6636 0.8750
0 0.9390 0.5611 0.9279 0.5722 0.9242 0.5889 0.9261 0.6889 0.9224 0.7083 0.9353 0.7472 0.9778 0.7694 0.9908 0.7694 0.9982 0.7611 0.9982 0.6250 0.9945 0.6194 0.9889 0.5861 0.9815 0.5778 0.9630 0.5667 0.9409 0.5611
0 0.6710 0.3361 0.6654 0.3389 0.6580 0.3750 0.6543 0.3778 0.6470 0.4000 0.6414 0.4333 0.6525 0.4472 0.6747 0.4583 0.6895 0.4583 0.6969 0.4500 0.7153 0.3694 0.7153 0.3528 0.7061 0.3389 0.6969 0.3417 0.6932 0.3361 0.6784 0.3361
0 0.8447 0.2889 0.7967 0.3222 0.7856 0.3389 0.7782 0.3583 0.7782 0.3722 0.7819 0.3833 0.7874 0.3917 0.8096 0.4056 0.8226 0.4028 0.8281 0.3889 0.8614 0.3639 0.8706 0.3611 0.8799 0.3444 0.8799 0.3250 0.8632 0.3000 0.8484 0.2889
0 0.6100 0.2056 0.6026 0.2167 0.6044 0.2222 0.6007 0.2278 0.5952 0.2278 0.5915 0.2194 0.5878 0.2361 0.5823 0.2278 0.5638 0.2250 0.5582 0.2500 0.5601 0.2583 0.5675 0.2722 0.5749 0.2750 0.6026 0.2694 0.6340 0.2722 0.6451 0.2806 0.6543 0.2722 0.6654 0.2722 0.6691 0.2667 0.6710 0.2333 0.6673 0.2194 0.6543 0.2194 0.6359 0.2056
0 0.5046 0.7750 0.4880 0.8000 0.4843 0.8278 0.4732 0.8361 0.4695 0.8444 0.4658 0.8444 0.4677 0.8611 0.4713 0.8639 0.4750 0.8778 0.4880 0.8778 0.4972 0.8833 0.4935 0.8806 0.4991 0.8639 0.5102 0.8472 0.5120 0.8361 0.5287 0.8028 0.5268 0.7806 0.5120 0.7833 0.5046 0.7778
1 0.9020 0.2444 0.8872 0.2583 0.8872 0.2722 0.8835 0.2833 0.8909 0.2861 0.8946 0.2944 0.8928 0.2972 0.9039 0.2917 0.9057 0.2944 0.9150 0.2806 0.9076 0.2444
1 0.9409 0.1972 0.9353 0.2139 0.9279 0.2194 0.9298 0.2306 0.9261 0.2333 0.9261 0.2417 0.9335 0.2472 0.9501 0.2167 0.9501 0.2028 0.9464 0.1972
1 0.9409 0.1278 0.9298 0.1500 0.9261 0.1861 0.9353 0.1889 0.9445 0.1750 0.9445 0.1639 0.9482 0.1611 0.9501 0.1500 0.9427 0.1306
1 0.9298 0.0500 0.9224 0.0667 0.9224 0.0861 0.9168 0.1056 0.9224 0.1167 0.9372 0.0750 0.9316 0.0500
1 0.9667 0.1528 0.9575 0.1722 0.9649 0.1806 0.9649 0.1861 0.9704 0.1694 0.9686 0.1528