0 0.1930 0.8186 0.1580 0.8216 0.1520 0.8276 0.1460 0.8411 0.1420 0.8576 0.1420 0.8756 0.1440 0.8831 0.1450 0.9025 0.1520 0.9145 0.1520 0.9265 0.1540 0.9295 0.1540 0.9340 0.1560 0.9280 0.1610 0.9280 0.1660 0.9220 0.2090 0.9235 0.2170 0.9205 0.2260 0.9205 0.2280 0.9235 0.2300 0.9190 0.2310 0.8996 0.2300 0.8861 0.2280 0.8801 0.2290 0.8726 0.2120 0.8276 0.2050 0.8186 0.1990 0.8186
0 0.2180 0.7721 0.2010 0.7736 0.1850 0.7811 0.1760 0.7946 0.1830 0.8051 0.1810 0.8081 0.1780 0.8081 0.1760 0.8141 0.1780 0.8156 0.1810 0.8126 0.1830 0.8171 0.1880 0.8201 0.1960 0.8186 0.2070 0.8231 0.2200 0.8486 0.2280 0.8726 0.2310 0.8756 0.2350 0.8726 0.2570 0.8726 0.2600 0.8666 0.2600 0.8336 0.2530 0.8111 0.2460 0.8006 0.2410 0.7871 0.2320 0.7736 0.2290 0.7721
0 0.3290 0.7796 0.3180 0.7871 0.3040 0.7886 0.2970 0.8096 0.2910 0.8141 0.2930 0.8576 0.3090 0.8636 0.3140 0.8726 0.3190 0.8741 0.3260 0.8831 0.3530 0.8816 0.3530 0.8726 0.3550 0.8681 0.3570 0.8531 0.3590 0.8471 0.3640 0.8411 0.3660 0.8306 0.3710 0.8246 0.3710 0.8156 0.3660 0.8081 0.3600 0.7931 0.3560 0.7901 0.3520 0.7826 0.3430 0.7796
0 0.4390 0.8726 0.4120 0.8756 0.4080 0.8786 0.4060 0.8891 0.4030 0.8921 0.3940 0.9145 0.3940 0.9460 0.3920 0.9550 0.3920 0.9670 0.3950 0.9700 0.3960 0.9760 0.4000 0.9805 0.4050 0.9820 0.4080 0.9955 0.4160 0.9955 0.4170 0.9985 0.4290 0.9985 0.4310 0.9955 0.4340 0.9985 0.4670 0.9985 0.4690 0.9745 0.4730 0.9685 0.4830 0.9625 0.4870 0.9535 0.4940 0.9505 0.4990 0.9430 0.4940 0.9265 0.4970 0.9190 0.4930 0.9190 0.4710 0.8801 0.4630 0.8756 0.4400 0.8726
0 0.0910 0.6687 0.0740 0.6717 0.0670 0.6867 0.0640 0.7001 0.0660 0.7346 0.0750 0.7481 0.0880 0.7436 0.1050 0.7436 0.1070 0.7421 0.1100 0.7211 0.1160 0.7136 0.1210 0.7031 0.1270 0.7001 0.1270 0.6927 0.1210 0.6882 0.1230 0.6852 0.1200 0.6837 0.1140 0.6717 0.0920 0.6702
0 0.1530 0.4063 0.1470 0.4078 0.1420 0.4183 0.1370 0.4543 0.1380 0.4738 0.1400 0.4783 0.1450 0.4798 0.1540 0.4783 0.1610 0.4813 0.1690 0.4813 0.1740 0.4963 0.1780 0.4933 0.1800 0.4693 0.1820 0.4678 0.1820 0.4468 0.1840 0.4393 0.1820 0.4303 0.1830 0.4198 0.1800 0.4153 0.1800 0.4123 0.1750 0.4063
0 0.0570 0.4723 0.0510 0.4828 0.0510 0.4873 0.0440 0.4948 0.0440 0.4993 0.0530 0.4933 0.0670 0.4948 0.0720 0.5022 0.0800 0.5082 0.0810 0.5172 0.0840 0.5247 0.0910 0.5247 0.0910 0.5172 0.0940 0.5082 0.0950 0.4888 0.0880 0.4813 0.0870 0.4738 0.0830 0.4723
0 0.1300 0.5667 0.1200 0.5712 0.1160 0.5832 0.1100 0.5907 0.1120 0.5937 0.1120 0.6147 0.1150 0.6312 0.1390 0.6312 0.1420 0.6267 0.1420 0.6102 0.1450 0.6042 0.1450 0.5952 0.1490 0.5832 0.1490 0.5697 0.1470 0.5667 0.1310 0.5667
0 0.4200 0.6942 0.4060 0.6972 0.3990 0.7046 0.3980 0.7151 0.3960 0.7196 0.3960 0.7286 0.3980 0.7316 0.3950 0.7421 0.3960 0.7676 0.3990 0.7796 0.4000 0.7946 0.4070 0.7931 0.4120 0.7961 0.4150 0.8006 0.4160 0.8096 0.4190 0.8111 0.4310 0.8066 0.4600 0.8081 0.4640 0.8021 0.4650 0.7886 0.4680 0.7811 0.4720 0.7781 0.4730 0.7706 0.4760 0.7661 0.4740 0.7586 0.4740 0.7496 0.4720 0.7466 0.4720 0.7361 0.4680 0.7301 0.4640 0.7121 0.4540 0.6972 0.4460 0.6942
0 0.5170 0.7781 0.5000 0.7796 0.4920 0.7841 0.4890 0.7931 0.4890 0.8066 0.4930 0.8096 0.4960 0.8066 0.5140 0.8081 0.5410 0.8051 0.5430 0.8021 0.5330 0.7811 0.5200 0.7781
0 0.5760 0.8231 0.5470 0.8261 0.5450 0.8291 0.5440 0.8531 0.5510 0.8546 0.5670 0.8516 0.5720 0.8486 0.5670 0.8426 0.5680 0.8381 0.5640 0.8351 0.5640 0.8276 0.5730 0.8261 0.5760 0.8306 0.5790 0.8276 0.5890 0.8276 0.5900 0.8306 0.5920 0.8306 0.5920 0.8261 0.5890 0.8231 0.5770 0.8246
0 0.5760 0.8126 0.5720 0.8156 0.5440 0.8141 0.5370 0.8216 0.5350 0.8216 0.5320 0.8156 0.5290 0.8156 0.5200 0.8291 0.5220 0.8336 0.5170 0.8366 0.5170 0.8891 0.5210 0.8966 0.5250 0.8966 0.5290 0.8921 0.5320 0.8951 0.5360 0.8936 0.5410 0.9025 0.5400 0.9115 0.5490 0.9235 0.5490 0.9265 0.5510 0.9265 0.5530 0.9220 0.5530 0.9070 0.5510 0.9055 0.5500 0.8996 0.5530 0.8951 0.5530 0.8921 0.5670 0.8741 0.5710 0.8711 0.5850 0.8711 0.5910 0.8681 0.5990 0.8591 0.6090 0.8576 0.6050 0.8411 0.6030 0.8411 0.5970 0.8291 0.5870 0.8156 0.5810 0.8126
0 0.4990 0.7646 0.4800 0.7691 0.4670 0.7901 0.4640 0.8051 0.4640 0.8096 0.4690 0.8186 0.4700 0.8456 0.4720 0.8486 0.4780 0.8486 0.4800 0.8456 0.4830 0.8456 0.4850 0.8486 0.4860 0.8621 0.4900 0.8681 0.4950 0.8636 0.4940 0.8606 0.4970 0.8561 0.5110 0.8561 0.5130 0.8516 0.5130 0.8381 0.5150 0.8291 0.5210 0.8246 0.5270 0.8141 0.5320 0.8096 0.5460 0.8066 0.5500 0.8021 0.5500 0.7991 0.5470 0.7976 0.5420 0.7871 0.5330 0.7766 0.5290 0.7676 0.5210 0.7646
0 0.5550 0.6957 0.5470 0.7046 0.5460 0.7151 0.5420 0.7211 0.5410 0.7271 0.5420 0.7631 0.5400 0.7676 0.5420 0.7781 0.5480 0.7856 0.5570 0.7856 0.5610 0.7961 0.5720 0.7976 0.5780 0.8021 0.5860 0.7916 0.6080 0.7901 0.6110 0.7946 0.6140 0.7946 0.6170 0.7796 0.6240 0.7661 0.6310 0.7616 0.6310 0.7541 0.6200 0.7361 0.6130 0.7151 0.6040 0.7016 0.5970 0.6972 0.5610 0.6957
0 0.6540 0.7571 0.6330 0.7631 0.6290 0.7661 0.6180 0.7841 0.6170 0.8411 0.6280 0.8396 0.6340 0.8426 0.6420 0.8501 0.6450 0.8591 0.6490 0.8636 0.6560 0.8621 0.6620 0.8576 0.6620 0.8336 0.6680 0.7946 0.6770 0.7826 0.6940 0.7781 0.6910 0.7706 0.6780 0.7601 0.6550 0.7586
0 0.6940 0.7811 0.6770 0.7856 0.6730 0.7886 0.6680 0.7991 0.6680 0.8081 0.6650 0.8141 0.6660 0.8171 0.6640 0.8216 0.6630 0.8486 0.6650 0.8531 0.6650 0.8666 0.6680 0.8726 0.6980 0.8741 0.7060 0.8816 0.7230 0.8891 0.7300 0.8876 0.7290 0.8846 0.7310 0.8801 0.7380 0.8726 0.7630 0.8726 0.7670 0.8636 0.7750 0.8591 0.7840 0.8576 0.7750 0.8411 0.7750 0.8366 0.7680 0.8201 0.7560 0.7991 0.7490 0.7961 0.7440 0.7901 0.7340 0.7841 0.7250 0.7811
0 0.6580 0.8756 0.6470 0.8771 0.6330 0.8831 0.6260 0.8951 0.6260 0.9010 0.6230 0.9070 0.6170 0.9385 0.6190 0.9895 0.6230 0.9985 0.6290 0.9985 0.6340 0.9940 0.6390 0.9985 0.7730 0.9985 0.7750 0.9955 0.7740 0.9865 0.7670 0.9700 0.7640 0.9670 0.7620 0.9565 0.7630 0.9505 0.7600 0.9490 0.7570 0.9400 0.7510 0.9340 0.7480 0.9205 0.7440 0.9190 0.7380 0.9085 0.7340 0.9070 0.7230 0.8936 0.6980 0.8786 0.6900 0.8756 0.6590 0.8756
0 0.5990 0.8636 0.5950 0.8651 0.5900 0.8726 0.5870 0.8726 0.5820 0.8771 0.5770 0.8741 0.5690 0.8741 0.5610 0.8846 0.5570 0.8861 0.5510 0.8981 0.5510 0.9175 0.5530 0.9190 0.5530 0.9430 0.5750 0.9700 0.5770 0.9745 0.5760 0.9790 0.5790 0.9820 0.5800 0.9925 0.5860 0.9955 0.5920 0.9940 0.5940 0.9880 0.6000 0.9910 0.6050 0.9880 0.6150 0.9880 0.6170 0.9850 0.6170 0.9385 0.6200 0.9220 0.6200 0.9130 0.6260 0.8921 0.6340 0.8801 0.6300 0.8741 0.6220 0.8696 0.6170 0.8696 0.6140 0.8636 0.6090 0.8636 0.6070 0.8666 0.6000 0.8636
0 0.9080 0.8186 0.8710 0.8246 0.8640 0.8291 0.8510 0.8426 0.8480 0.8516 0.8490 0.8561 0.8470 0.8651 0.8450 0.8666 0.8450 0.8771 0.8530 0.9100 0.8660 0.9115 0.8840 0.9220 0.8980 0.9250 0.9040 0.9235 0.9070 0.9265 0.9220 0.9280 0.9270 0.9310 0.9320 0.9280 0.9360 0.9295 0.9390 0.9340 0.9700 0.9340 0.9820 0.9280 0.9820 0.8996 0.9790 0.8906 0.9740 0.8831 0.9700 0.8816 0.9670 0.8756 0.9640 0.8741 0.9600 0.8681 0.9580 0.8606 0.9530 0.8561 0.9520 0.8516 0.9410 0.8336 0.9260 0.8216 0.9150 0.8216 0.9110 0.8186
0 0.8090 0.7436 0.8000 0.7451 0.7890 0.7511 0.7840 0.7646 0.7810 0.7976 0.7830 0.8291 0.7860 0.8351 0.7860 0.8396 0.7920 0.8456 0.7910 0.8486 0.7970 0.8501 0.8010 0.8456 0.8060 0.8456 0.8170 0.8531 0.8230 0.8516 0.8280 0.8606 0.8290 0.8726 0.8350 0.8756 0.8380 0.8756 0.8360 0.8696 0.8370 0.8666 0.8410 0.8681 0.8450 0.8651 0.8460 0.8486 0.8540 0.8351 0.8580 0.8336 0.8590 0.8276 0.8630 0.8276 0.8760 0.8201 0.8970 0.8156 0.9020 0.8111 0.8940 0.8021 0.8970 0.7976 0.8950 0.7946 0.8950 0.7901 0.8870 0.7811 0.8830 0.7721 0.8730 0.7586 0.8630 0.7526 0.8370 0.7436
0 0.6820 0.6822 0.6650 0.6867 0.6530 0.7031 0.6530 0.7076 0.6500 0.7121 0.6500 0.7181 0.6530 0.7271 0.6520 0.7436 0.6560 0.7496 0.6590 0.7496 0.6640 0.7541 0.6790 0.7556 0.6950 0.7631 0.6980 0.7631 0.6990 0.7601 0.7010 0.7346 0.7030 0.7391 0.7050 0.7391 0.7170 0.7256 0.7290 0.7241 0.7320 0.7196 0.7240 0.6987 0.7140 0.6867 0.7050 0.6822 0.6880 0.6822
0 0.7340 0.7271 0.7160 0.7316 0.7110 0.7391 0.7120 0.7406 0.7150 0.7361 0.7190 0.7361 0.7200 0.7391 0.7220 0.7361 0.7270 0.7361 0.7300 0.7421 0.7327 0.7496 0.7330 0.7556 0.7340 0.7676 0.7510 0.7766 0.7620 0.7901 0.7630 0.7991 0.7680 0.7946 0.7640 0.7916 0.7650 0.7886 0.7710 0.7856 0.7760 0.7886 0.7790 0.7871 0.7800 0.7736 0.7830 0.7631 0.7830 0.7541 0.7730 0.7346 0.7580 0.7271
0 0.3290 0.6267 0.3300 0.6297 0.3420 0.6297 0.3380 0.6372 0.3340 0.6402 0.3270 0.6357 0.3070 0.6357 0.2990 0.6387 0.2950 0.6447 0.2850 0.6732 0.2860 0.6762 0.2840 0.6792 0.2840 0.6867 0.2850 0.7001 0.2930 0.7046 0.3050 0.7181 0.3100 0.7271 0.3140 0.7211 0.3160 0.7241 0.3260 0.7211 0.3330 0.7286 0.3380 0.7286 0.3450 0.7136 0.3540 0.7151 0.3570 0.7121 0.3580 0.6657 0.3600 0.6537 0.3540 0.6447 0.3490 0.6267
0 0.0630 0.8456 0.0600 0.8486 0.0460 0.8501 0.0180 0.8501 0.0080 0.8606 0.0040 0.8741 0.0000 0.8756 0.0000 0.9355 0.0040 0.9385 0.0070 0.9580 0.0120 0.9700 0.0150 0.9685 0.0170 0.9610 0.0210 0.9610 0.0230 0.9580 0.0230 0.9370 0.0370 0.9025 0.0460 0.8981 0.0770 0.8936 0.0820 0.8891 0.0840 0.8771 0.0790 0.8681 0.0750 0.8666 0.0720 0.8561 0.0650 0.8456
0 0.0870 0.8951 0.0800 0.9025 0.0780 0.8996 0.0790 0.8966 0.0570 0.9010 0.0510 0.8996 0.0480 0.9025 0.0440 0.9010 0.0360 0.9070 0.0310 0.9295 0.0270 0.9385 0.0270 0.9475 0.0240 0.9565 0.0250 0.9940 0.0290 0.9985 0.0390 0.9985 0.0400 0.9955 0.0460 0.9955 0.0480 0.9985 0.0540 0.9955 0.0710 0.9955 0.0750 0.9925 0.0880 0.9670 0.1100 0.9640 0.1160 0.9565 0.1140 0.9505 0.1130 0.9355 0.1070 0.9265 0.1030 0.9130 0.0950 0.8996 0.0900 0.8981 0.0860 0.9010 0.0850 0.8996 0.0880 0.8966