0 0.2616 0.8350 0.2560 0.8375 0.2532 0.8475 0.2546 0.8625 0.2602 0.8700 0.2954 0.8650 0.2982 0.8600 0.2982 0.8450 0.2883 0.8425 0.2799 0.8350
0 0.1885 0.8525 0.1828 0.8550 0.1786 0.8675 0.1800 0.8800 0.1842 0.8850 0.2124 0.8800 0.2180 0.8750 0.2152 0.8625 0.1983 0.8525
0 0.5176 0.8800 0.5021 0.8875 0.4895 0.9050 0.4895 0.9125 0.4951 0.9225 0.5063 0.9225 0.5246 0.9150 0.5331 0.9075 0.5359 0.9025 0.5359 0.8925 0.5288 0.8800
0 0.4065 0.6225 0.4051 0.6275 0.3980 0.6325 0.3980 0.6650 0.4023 0.6725 0.4135 0.6725 0.4177 0.6550 0.4163 0.6300 0.4093 0.6275 0.4079 0.6225
0 0.3840 0.6000 0.3769 0.6075 0.3812 0.6275 0.3910 0.6275 0.3938 0.6200 0.3910 0.6050 0.3868 0.6000
0 0.1786 0.7675 0.1730 0.7700 0.1716 0.7775 0.1730 0.7975 0.1786 0.8125 0.1969 0.8100 0.1927 0.7800 0.1885 0.7700 0.1828 0.7675
0 0.1589 0.7775 0.1533 0.7800 0.1505 0.7875 0.1505 0.8025 0.1575 0.8175 0.1674 0.8175 0.1744 0.8125 0.1702 0.7875 0.1617 0.7775
0 0.0858 0.7800 0.0788 0.7850 0.0759 0.7925 0.0759 0.8125 0.0830 0.8275 0.0886 0.8275 0.0985 0.8075 0.0985 0.7950 0.0886 0.7800
0 0.1097 0.7925 0.1041 0.7950 0.1013 0.8050 0.1013 0.8200 0.1055 0.8250 0.1153 0.8250 0.1238 0.8200 0.1167 0.7975 0.1111 0.7925
0 0.0239 0.8075 0.0211 0.8100 0.0197 0.8325 0.0211 0.8375 0.0281 0.8400 0.0380 0.8375 0.0394 0.8325 0.0352 0.8125 0.0295 0.8075
0 0.5893 0.7375 0.5851 0.7450 0.5851 0.7550 0.5949 0.7700 0.6090 0.7700 0.6118 0.7650 0.6076 0.7450 0.6006 0.7375
0 0.8059 0.8200 0.8003 0.8275 0.7932 0.8300 0.7904 0.8375 0.7904 0.8450 0.7989 0.8525 0.8045 0.8525 0.8143 0.8400 0.8143 0.8250 0.8101 0.8200
0 0.7961 0.8075 0.7834 0.8100 0.7679 0.8200 0.7651 0.8250 0.7651 0.8325 0.7679 0.8400 0.7736 0.8425 0.7876 0.8425 0.7961 0.8275 0.8059 0.8250 0.8115 0.8175 0.8101 0.8100 0.8045 0.8075
0 0.9058 0.6850 0.8987 0.6925 0.8875 0.6950 0.8889 0.7050 0.8959 0.7150 0.9255 0.7100 0.9283 0.7000 0.9269 0.6950 0.9142 0.6850
0 0.2321 0.7175 0.2321 0.7575 0.2504 0.7575 0.2588 0.7550 0.2616 0.7500 0.2616 0.7400 0.2532 0.7175
1 0.4051 0.9500 0.4023 0.9575 0.4051 0.9725 0.4149 0.9725 0.4191 0.9625 0.4149 0.9500