0 0.2500 0.4503 0.2401 0.4591 0.2368 0.4766 0.2237 0.5088 0.2188 0.5351 0.2155 0.5409 0.2039 0.5409 0.2039 0.5468 0.2138 0.5614 0.2122 0.5760 0.1990 0.6140 0.1990 0.6287 0.2039 0.6520 0.2039 0.6813 0.2089 0.6901 0.2188 0.6901 0.2286 0.6813 0.2516 0.6754 0.2895 0.6784 0.2961 0.6871 0.3043 0.6871 0.3092 0.6784 0.3109 0.6316 0.3125 0.6199 0.3191 0.6053 0.3224 0.5439 0.3174 0.5175 0.3191 0.5088 0.3125 0.4795 0.3059 0.4561 0.2993 0.4503
0 0.5938 0.4035 0.5757 0.4240 0.5757 0.4795 0.5822 0.4971 0.5839 0.5380 0.6414 0.5439 0.6678 0.5439 0.6711 0.5351 0.6694 0.4737 0.6661 0.4503 0.6612 0.4415 0.6562 0.4181 0.6480 0.4035
0 0.5806 0.2018 0.5625 0.2076 0.5526 0.2310 0.5510 0.2895 0.5559 0.3158 0.5625 0.3158 0.5707 0.3070 0.5938 0.3070 0.6135 0.3129 0.6201 0.3041 0.6201 0.2632 0.6135 0.2251 0.6020 0.2047 0.5839 0.2018
0 0.7007 0.2339 0.6957 0.2427 0.6924 0.2427 0.6941 0.2544 0.6891 0.2573 0.6859 0.2690 0.6859 0.3187 0.6974 0.3304 0.6990 0.3538 0.7039 0.3626 0.7138 0.3596 0.7204 0.3509 0.7516 0.3509 0.7763 0.3567 0.7829 0.3363 0.7845 0.3041 0.7845 0.2895 0.7812 0.2895 0.7763 0.2778 0.7714 0.2515 0.7599 0.2339 0.7336 0.2368 0.7253 0.2398 0.7220 0.2456 0.7122 0.2368 0.7072 0.2456 0.7089 0.2515 0.7056 0.2573 0.7039 0.2749 0.7007 0.2427
0 0.7780 0.1813 0.7664 0.1959 0.7615 0.1959 0.7599 0.2193 0.7615 0.2310 0.7730 0.2515 0.7747 0.2661 0.7796 0.2749 0.8141 0.2719 0.8273 0.2778 0.8339 0.2719 0.8322 0.2310 0.8240 0.1959 0.8158 0.1842 0.8059 0.1813
0 0.8174 0.4181 0.8043 0.4211 0.7928 0.4327 0.7862 0.4327 0.7812 0.4444 0.7780 0.4678 0.7780 0.5175 0.7812 0.5263 0.7944 0.5263 0.8010 0.5322 0.8059 0.5585 0.8059 0.5877 0.8109 0.6023 0.8257 0.6023 0.8339 0.5965 0.9095 0.5994 0.9178 0.5877 0.9194 0.5409 0.9161 0.5263 0.9030 0.5088 0.8964 0.4854 0.8980 0.4795 0.8914 0.4708 0.8849 0.4415 0.8766 0.4269 0.8536 0.4181
0 0.6480 0.8509 0.6316 0.8567 0.6250 0.8684 0.6250 0.8743 0.6168 0.8860 0.6184 0.9620 0.6332 0.9971 0.7747 0.9971 0.7714 0.9649 0.7599 0.9298 0.7599 0.9181 0.7566 0.9094 0.7566 0.9035 0.7615 0.8947 0.7664 0.8947 0.7648 0.8860 0.7549 0.8860 0.7451 0.8626 0.6678 0.8509
0 0.0033 0.5556 0.0000 0.5585 0.0000 0.8363 0.0099 0.8392 0.0296 0.8275 0.0329 0.8041 0.0329 0.7836 0.0296 0.7778 0.0312 0.7544 0.0428 0.7222 0.0559 0.7047 0.0592 0.7105 0.0641 0.7076 0.0674 0.7135 0.0724 0.7135 0.0757 0.7047 0.0757 0.6140 0.0806 0.6023 0.0789 0.5877 0.0822 0.5819 0.0773 0.5731 0.0757 0.5585 0.0461 0.5556
0 0.0888 0.4123 0.0740 0.4211 0.0641 0.4415 0.0559 0.4474 0.0428 0.4708 0.0329 0.4971 0.0312 0.5088 0.0345 0.5468 0.0740 0.5497 0.0872 0.5702 0.0905 0.5702 0.0921 0.5643 0.1118 0.5614 0.1168 0.5731 0.1266 0.5819 0.1349 0.5760 0.1414 0.5263 0.1579 0.5146 0.1628 0.4766 0.1628 0.4532 0.1562 0.4269 0.1480 0.4269 0.1546 0.4181 0.1184 0.4123
0 0.2303 0.1550 0.2122 0.1608 0.2072 0.1784 0.1957 0.1959 0.1957 0.2047 0.1908 0.2135 0.1891 0.2222 0.1924 0.2661 0.2007 0.2749 0.2336 0.2661 0.2467 0.2661 0.2549 0.2749 0.2599 0.2690 0.2615 0.2573 0.2681 0.2456 0.2697 0.2105 0.2632 0.1725 0.2566 0.1579 0.2401 0.1550
0 0.3174 0.2135 0.3010 0.2193 0.2961 0.2368 0.2911 0.2427 0.2862 0.2778 0.2812 0.2895 0.2780 0.3187 0.2812 0.3684 0.2878 0.3743 0.2944 0.3626 0.3257 0.3596 0.3388 0.3538 0.3569 0.3772 0.3602 0.3772 0.3651 0.3596 0.3651 0.3450 0.3701 0.3275 0.3717 0.2749 0.3766 0.2719 0.3766 0.2573 0.3734 0.2573 0.3668 0.2456 0.3618 0.2281 0.3569 0.2281 0.3503 0.2164 0.3191 0.2135
0 0.3454 0.1608 0.3306 0.1842 0.3306 0.2076 0.3438 0.2076 0.3586 0.2164 0.3684 0.2164 0.3734 0.2368 0.3832 0.2310 0.3865 0.1988 0.3799 0.1696 0.3750 0.1608
0 0.0806 0.1345 0.0658 0.1404 0.0510 0.1550 0.0362 0.1725 0.0296 0.1871 0.0247 0.2222 0.0197 0.2310 0.0181 0.2456 0.0181 0.2865 0.0214 0.3070 0.0247 0.3099 0.0378 0.3012 0.0822 0.3012 0.0954 0.3099 0.1003 0.3012 0.1020 0.2895 0.1135 0.2690 0.1201 0.2661 0.1266 0.2485 0.1283 0.2193 0.1234 0.2135 0.1250 0.2076 0.1217 0.2105 0.1168 0.1959 0.1217 0.1842 0.1250 0.1842 0.1266 0.1696 0.1234 0.1491 0.1184 0.1404 0.1003 0.1345
0 0.2582 0.0585 0.2500 0.0702 0.2434 0.0906 0.2385 0.1199 0.2385 0.1462 0.2566 0.1520 0.2615 0.1608 0.2944 0.1608 0.3026 0.1491 0.3059 0.1316 0.3059 0.0848 0.2993 0.0673 0.2895 0.0585
0 0.1793 0.0760 0.1530 0.0819 0.1497 0.0994 0.1382 0.1257 0.1365 0.1404 0.1382 0.1520 0.1447 0.1579 0.1760 0.1550 0.1809 0.1608 0.2007 0.1374 0.2023 0.1199 0.2007 0.0936 0.1941 0.0819 0.1809 0.0760
0 0.5543 0.0994 0.5493 0.1053 0.5510 0.1111 0.5477 0.1170 0.5428 0.1170 0.5395 0.1316 0.5395 0.1667 0.5428 0.1842 0.5526 0.1813 0.5543 0.1754 0.5724 0.1754 0.5757 0.1813 0.5905 0.1871 0.5954 0.1813 0.5954 0.1374 0.5905 0.1287 0.5839 0.1023 0.5806 0.0994
0 0.5559 0.0965 0.5444 0.1053 0.5493 0.1111 0.5411 0.1199 0.5378 0.1404 0.5395 0.1725 0.5444 0.1871 0.5543 0.1813 0.5641 0.1813 0.5674 0.1871 0.5954 0.1842 0.5954 0.1345 0.5905 0.1257 0.5855 0.1053 0.5789 0.0965
0 0.6546 0.0760 0.6497 0.0789 0.6464 0.0877 0.6431 0.1140 0.6398 0.1199 0.6414 0.1345 0.6513 0.1462 0.6579 0.1404 0.6727 0.1374 0.6826 0.1404 0.6859 0.1491 0.6908 0.1491 0.6957 0.1140 0.6924 0.0965 0.6826 0.0789 0.6776 0.0760
0 0.9194 0.0322 0.9112 0.0351 0.9079 0.0468 0.8997 0.0585 0.8964 0.0848 0.8980 0.1023 0.9145 0.1228 0.9342 0.1170 0.9622 0.1199 0.9704 0.0936 0.9671 0.0556 0.9605 0.0409 0.9507 0.0351 0.9293 0.0322
0 0.9655 0.4327 0.9523 0.4444 0.9474 0.4444 0.9359 0.4591 0.9326 0.5058 0.9342 0.5117 0.9507 0.5175 0.9638 0.5409 0.9688 0.5585 0.9688 0.5702 0.9737 0.5789 0.9984 0.5789 0.9984 0.4327
0 0.9375 0.7953 0.9178 0.8012 0.9128 0.8099 0.9079 0.8333 0.9095 0.8947 0.9145 0.9094 0.9260 0.9094 0.9309 0.9181 0.9309 0.9240 0.9441 0.9503 0.9424 0.9532 0.9523 0.9795 0.9556 0.9971 0.9984 0.9971 0.9984 0.7953
0 0.1184 0.8538 0.1135 0.8567 0.1003 0.9064 0.0938 0.9181 0.0740 0.9971 0.2500 0.9971 0.2566 0.9123 0.2566 0.8889 0.2533 0.8830 0.2516 0.8626 0.2467 0.8567 0.2352 0.8567 0.2336 0.8626 0.2089 0.8626 0.2039 0.8567 0.2023 0.8626 0.1727 0.8626 0.1727 0.8567 0.1826 0.8567 0.1546 0.8567 0.1579 0.8596 0.1562 0.8626 0.1365 0.8655 0.1299 0.8567 0.1201 0.8567
0 0.8059 0.0351 0.7977 0.0526 0.7928 0.0526 0.7911 0.0585 0.7944 0.0848 0.7977 0.0819 0.8092 0.0994 0.8257 0.0936 0.8503 0.0994 0.8569 0.0906 0.8569 0.0789 0.8503 0.0585 0.8388 0.0380 0.8306 0.0351