0 0.1032 0.2367 0.0833 0.2438 0.0762 0.2509 0.0722 0.2597 0.0698 0.2721 0.0659 0.2827 0.0627 0.3021 0.0627 0.3410 0.0675 0.3516 0.0698 0.3640 0.0754 0.3746 0.0841 0.3746 0.0865 0.3675 0.0929 0.3640 0.1119 0.3657 0.1143 0.3710 0.1135 0.3763 0.1230 0.3816 0.1310 0.3799 0.1373 0.3640 0.1381 0.3604 0.1365 0.3587 0.1365 0.3534 0.1381 0.3498 0.1413 0.3534 0.1468 0.3534 0.1484 0.3498 0.1540 0.3463 0.1563 0.3286 0.1595 0.3251 0.1651 0.3092 0.1651 0.3057 0.1698 0.3039 0.1730 0.2968 0.1778 0.2933 0.1794 0.2774 0.1778 0.2721 0.1738 0.2686 0.1611 0.2633 0.1571 0.2562 0.1540 0.2544 0.1508 0.2456 0.1476 0.2420 0.1310 0.2385 0.1246 0.2420 0.1111 0.2438 0.1095 0.2385 0.1071 0.2367
0 0.2270 0.2809 0.2143 0.2880 0.2127 0.2915 0.2048 0.2933 0.2024 0.2968 0.1937 0.3004 0.1889 0.3057 0.1873 0.3021 0.1897 0.2986 0.1889 0.2968 0.1841 0.2951 0.1770 0.2986 0.1706 0.3127 0.1619 0.3216 0.1579 0.3286 0.1571 0.3357 0.1571 0.3763 0.1651 0.3940 0.1714 0.3958 0.1738 0.3922 0.1802 0.3905 0.1952 0.3905 0.1968 0.3869 0.2024 0.3958 0.2071 0.3958 0.2159 0.4011 0.2238 0.3922 0.2270 0.3816 0.2333 0.3746 0.2397 0.3728 0.2437 0.3675 0.2484 0.3675 0.2540 0.3728 0.2619 0.3693 0.2683 0.3410 0.2675 0.3233 0.2651 0.3127 0.2548 0.3021 0.2492 0.3004 0.2397 0.2862 0.2310 0.2845 0.2278 0.2809
0 0.3278 0.1272 0.3119 0.1290 0.2992 0.1343 0.2897 0.1396 0.2857 0.1466 0.2825 0.1802 0.2810 0.1855 0.2810 0.2350 0.2905 0.2544 0.3032 0.2509 0.3056 0.2473 0.3135 0.2473 0.3262 0.2491 0.3310 0.2580 0.3381 0.2562 0.3421 0.2438 0.3556 0.2350 0.3810 0.2332 0.3849 0.2155 0.3841 0.1731 0.3817 0.1643 0.3754 0.1608 0.3643 0.1396 0.3563 0.1307 0.3429 0.1307 0.3341 0.1272
0 0.7230 0.3834 0.7167 0.3887 0.7151 0.3940 0.7063 0.4011 0.6968 0.4240 0.6929 0.4240 0.6905 0.4293 0.6905 0.4346 0.6921 0.4346 0.6944 0.4417 0.6865 0.4541 0.6849 0.4541 0.6817 0.4629 0.6778 0.4947 0.6810 0.5053 0.6810 0.5177 0.6873 0.5283 0.6929 0.5283 0.6960 0.5212 0.7222 0.5230 0.7238 0.5265 0.7302 0.5300 0.7341 0.5371 0.7373 0.5371 0.7413 0.5318 0.7405 0.5230 0.7437 0.5212 0.7413 0.5159 0.7476 0.5106 0.7508 0.4982 0.7579 0.4965 0.7627 0.4912 0.7683 0.4912 0.7683 0.4965 0.7714 0.5000 0.7754 0.4982 0.7762 0.4894 0.7794 0.4823 0.7794 0.4682 0.7825 0.4611 0.7865 0.4382 0.7865 0.4152 0.7841 0.4081 0.7714 0.4099 0.7659 0.4028 0.7635 0.3922 0.7413 0.3834
0 0.7452 0.7420 0.7325 0.7473 0.7222 0.7473 0.7167 0.7438 0.7127 0.7562 0.7079 0.7774 0.7095 0.8074 0.7151 0.8534 0.7206 0.8622 0.7389 0.8640 0.7444 0.8693 0.7460 0.8763 0.7603 0.8958 0.7635 0.9081 0.7690 0.9187 0.7841 0.9187 0.8032 0.9240 0.8357 0.9205 0.8413 0.9170 0.8444 0.9117 0.8476 0.8852 0.8468 0.8763 0.8437 0.8710 0.8421 0.8410 0.8254 0.8180 0.8270 0.8057 0.8175 0.7933 0.8127 0.7792 0.8103 0.7633 0.8056 0.7633 0.8008 0.7597 0.7984 0.7544 0.7865 0.7562 0.7857 0.7544 0.7873 0.7509 0.7810 0.7491 0.7794 0.7456 0.7754 0.7473 0.7746 0.7527 0.7619 0.7527 0.7571 0.7491 0.7516 0.7491 0.7484 0.7420
1 0.2397 0.5035 0.2357 0.5088 0.2357 0.5177 0.2373 0.5247 0.2333 0.5336 0.2325 0.5424 0.2270 0.5636 0.2270 0.5742 0.2349 0.5883 0.2349 0.6042 0.2317 0.6148 0.2238 0.6219 0.2238 0.6343 0.2278 0.6307 0.2357 0.6166 0.2373 0.6166 0.2397 0.6219 0.2421 0.5954 0.2460 0.5866 0.2468 0.5795 0.2452 0.5760 0.2452 0.5707 0.2468 0.5618 0.2468 0.5459 0.2437 0.5247 0.2452 0.5124 0.2444 0.5088 0.2405 0.5053
1 0.2706 0.5371 0.2690 0.5406 0.2667 0.5707 0.2667 0.6184 0.2690 0.6237 0.2659 0.6290 0.2643 0.6449 0.2611 0.6537 0.2611 0.6608 0.2635 0.6661 0.2635 0.6572 0.2675 0.6502 0.2690 0.6378 0.2730 0.6307 0.2786 0.6325 0.2817 0.6413 0.2857 0.6466 0.2897 0.6643 0.2944 0.6608 0.2881 0.6343 0.2873 0.6184 0.2833 0.6060 0.2833 0.5972 0.2849 0.5954 0.2865 0.5866 0.2802 0.5724 0.2770 0.5601 0.2746 0.5371
1 0.2476 0.5671 0.2460 0.5707 0.2468 0.5760 0.2444 0.5795 0.2452 0.5866 0.2421 0.5919 0.2405 0.6025 0.2413 0.6078 0.2381 0.6148 0.2405 0.6272 0.2397 0.6449 0.2437 0.6572 0.2452 0.6767 0.2357 0.6926 0.2357 0.6961 0.2325 0.6996 0.2317 0.7049 0.2365 0.7049 0.2468 0.6873 0.2492 0.6873 0.2516 0.6943 0.2516 0.7173 0.2579 0.7155 0.2556 0.7085 0.2556 0.6961 0.2540 0.6926 0.2556 0.6731 0.2540 0.6696 0.2540 0.6608 0.2611 0.6449 0.2595 0.6290 0.2571 0.6237 0.2524 0.5901 0.2500 0.5866 0.2532 0.5777 0.2516 0.5671
1 0.1960 0.5636 0.1937 0.5689 0.1929 0.5830 0.1913 0.5866 0.1889 0.6095 0.1913 0.6254 0.1937 0.6290 0.1984 0.6290 0.2048 0.6219 0.2048 0.6042 0.2008 0.5919 0.2008 0.5866 0.2024 0.5830 0.2024 0.5707 0.2000 0.5636
1 0.1960 0.5636 0.1929 0.5742 0.1929 0.5830 0.1889 0.6095 0.1889 0.6184 0.1937 0.6307 0.1929 0.6343 0.1952 0.6378 0.1960 0.6466 0.1944 0.6608 0.1921 0.6678 0.1929 0.6767 0.1905 0.6996 0.1913 0.7102 0.1889 0.7226 0.1889 0.7332 0.1913 0.7385 0.1921 0.7473 0.1905 0.7509 0.1881 0.7509 0.1881 0.7544 0.1913 0.7562 0.1937 0.7509 0.2024 0.7473 0.2040 0.7509 0.2048 0.7756 0.2127 0.7703 0.2087 0.7562 0.2111 0.7438 0.2111 0.7314 0.2087 0.7226 0.2087 0.7173 0.2063 0.7138 0.2056 0.7085 0.2111 0.7014 0.2087 0.6926 0.2103 0.6890 0.2095 0.6802 0.2119 0.6767 0.2135 0.6590 0.2079 0.6572 0.2063 0.6537 0.2071 0.6484 0.2040 0.6184 0.2048 0.6042 0.2008 0.5919 0.2008 0.5866 0.2024 0.5830 0.2024 0.5707 0.2000 0.5636
1 0.1802 0.5477 0.1762 0.5530 0.1762 0.5636 0.1714 0.5795 0.1714 0.6166 0.1683 0.6325 0.1683 0.6396 0.1706 0.6466 0.1667 0.6519 0.1722 0.6555 0.1722 0.6608 0.1762 0.6643 0.1841 0.6413 0.1833 0.6237 0.1865 0.6060 0.1865 0.5919 0.1841 0.5795 0.1857 0.5548 0.1817 0.5477
1 0.1532 0.5989 0.1508 0.6042 0.1500 0.6219 0.1468 0.6272 0.1437 0.6484 0.1437 0.6537 0.1476 0.6625 0.1500 0.6625 0.1532 0.6678 0.1579 0.6678 0.1627 0.6625 0.1627 0.6555 0.1603 0.6449 0.1611 0.6378 0.1579 0.6254 0.1595 0.6219 0.1603 0.6060 0.1587 0.6007 0.1563 0.5989
1 0.1460 0.6590 0.1421 0.6678 0.1437 0.6731 0.1421 0.6767 0.1421 0.6873 0.1397 0.6961 0.1389 0.7173 0.1357 0.7385 0.1365 0.7438 0.1286 0.7756 0.1286 0.7809 0.1310 0.8110 0.1333 0.8039 0.1397 0.7986 0.1429 0.7915 0.1444 0.7951 0.1437 0.7986 0.1468 0.8004 0.1492 0.8057 0.1484 0.8127 0.1508 0.8180 0.1579 0.8180 0.1627 0.8127 0.1579 0.8021 0.1556 0.7862 0.1563 0.7633 0.1548 0.7527 0.1556 0.7350 0.1540 0.7208 0.1571 0.7032 0.1532 0.6961 0.1556 0.6873 0.1587 0.6855 0.1579 0.6731 0.1548 0.6714 0.1468 0.6590
1 0.0746 0.6537 0.0706 0.6625 0.0698 0.6731 0.0675 0.6802 0.0667 0.7014 0.0706 0.7191 0.0706 0.7244 0.0730 0.7314 0.0730 0.7385 0.0706 0.7438 0.0738 0.7597 0.0730 0.7703 0.0810 0.7739 0.0849 0.7721 0.0825 0.7473 0.0873 0.7367 0.0849 0.7085 0.0873 0.6926 0.0849 0.6714 0.0873 0.6696 0.0754 0.6537
1 0.0587 0.6572 0.0563 0.6608 0.0563 0.6767 0.0460 0.6908 0.0437 0.6996 0.0452 0.7244 0.0492 0.7314 0.0492 0.7403 0.0476 0.7597 0.0444 0.7668 0.0437 0.7756 0.0405 0.7862 0.0397 0.8004 0.0413 0.8021 0.0444 0.7951 0.0452 0.7827 0.0484 0.7774 0.0484 0.7739 0.0540 0.7580 0.0532 0.7562 0.0563 0.7491 0.0627 0.7615 0.0643 0.7862 0.0667 0.7898 0.0667 0.8057 0.0683 0.8074 0.0714 0.8039 0.0730 0.7968 0.0714 0.7951 0.0714 0.7898 0.0683 0.7845 0.0683 0.7668 0.0659 0.7633 0.0643 0.7527 0.0667 0.7332 0.0667 0.7120 0.0627 0.6890 0.0651 0.6802 0.0627 0.6731 0.0659 0.6696 0.0643 0.6572
1 0.3960 0.6095 0.3944 0.6131 0.3937 0.6219 0.3952 0.6254 0.3952 0.6413 0.3921 0.6502 0.3937 0.6572 0.3944 0.6731 0.3897 0.6961 0.3897 0.7014 0.3873 0.7085 0.3857 0.7279 0.3802 0.7350 0.3802 0.7420 0.3841 0.7473 0.3873 0.7473 0.3929 0.7261 0.3952 0.7208 0.3976 0.7208 0.4063 0.7261 0.4095 0.7314 0.4095 0.7473 0.4111 0.7527 0.4151 0.7527 0.4183 0.7456 0.4198 0.7367 0.4167 0.7314 0.4119 0.7155 0.4095 0.6943 0.4071 0.6908 0.4071 0.6802 0.4087 0.6767 0.4063 0.6731 0.4056 0.6555 0.4071 0.6537 0.4071 0.6484 0.4119 0.6413 0.4103 0.6413 0.4048 0.6272 0.4008 0.6095
1 0.4214 0.5671 0.4190 0.5707 0.4190 0.5760 0.4206 0.5795 0.4190 0.5901 0.4198 0.5989 0.4159 0.6060 0.4151 0.6201 0.4127 0.6272 0.4127 0.6360 0.4151 0.6449 0.4151 0.6555 0.4198 0.6537 0.4222 0.6572 0.4222 0.6608 0.4167 0.6678 0.4119 0.6625 0.4103 0.6802 0.4111 0.6908 0.4143 0.6820 0.4238 0.6820 0.4222 0.6908 0.4230 0.7049 0.4190 0.7244 0.4230 0.7244 0.4278 0.7191 0.4278 0.7120 0.4262 0.7085 0.4302 0.6926 0.4302 0.6802 0.4262 0.6767 0.4286 0.6714 0.4325 0.6696 0.4325 0.6661 0.4349 0.6643 0.4357 0.6572 0.4357 0.6184 0.4333 0.6148 0.4317 0.6060 0.4317 0.5901 0.4278 0.5830 0.4270 0.5724 0.4238 0.5671
1 0.4405 0.6254 0.4389 0.6272 0.4389 0.6325 0.4429 0.6378 0.4389 0.6466 0.4389 0.6537 0.4349 0.6696 0.4357 0.6731 0.4341 0.6855 0.4357 0.6926 0.4341 0.6961 0.4357 0.7014 0.4333 0.7120 0.4333 0.7314 0.4397 0.7491 0.4405 0.7580 0.4381 0.7668 0.4381 0.7739 0.4405 0.7756 0.4444 0.7756 0.4492 0.7703 0.4492 0.7350 0.4476 0.7261 0.4476 0.7085 0.4508 0.6996 0.4548 0.6996 0.4571 0.6943 0.4603 0.6767 0.4603 0.6714 0.4563 0.6590 0.4500 0.6537 0.4476 0.6449 0.4444 0.6413 0.4429 0.6343 0.4405 0.6307 0.4437 0.6254
1 0.4460 0.4806 0.4444 0.4859 0.4444 0.5053 0.4405 0.5212 0.4397 0.5442 0.4437 0.5442 0.4460 0.5477 0.4468 0.5654 0.4492 0.5671 0.4508 0.5724 0.4587 0.5601 0.4587 0.5265 0.4540 0.5035 0.4540 0.4894 0.4508 0.4806
1 0.4897 0.5177 0.4865 0.5247 0.4881 0.5424 0.4857 0.5548 0.4857 0.5742 0.4897 0.6060 0.4841 0.6148 0.4897 0.6166 0.4937 0.6131 0.4937 0.6095 0.5032 0.5954 0.5032 0.5866 0.5008 0.5760 0.5016 0.5459 0.4976 0.5389 0.4937 0.5194 0.4913 0.5177
1 0.4976 0.6502 0.4937 0.6572 0.4921 0.6643 0.4929 0.6784 0.4905 0.6873 0.4921 0.6943 0.4921 0.7138 0.4984 0.7244 0.4968 0.7261 0.4976 0.7297 0.5016 0.7261 0.5016 0.7314 0.5079 0.7403 0.5079 0.7456 0.5095 0.7491 0.5095 0.7597 0.5127 0.7580 0.5135 0.7509 0.5119 0.7456 0.5095 0.7438 0.5095 0.7367 0.5063 0.7314 0.5056 0.7226 0.5071 0.7049 0.5111 0.6926 0.5095 0.6802 0.5103 0.6714 0.5087 0.6572 0.5016 0.6502
1 0.5167 0.5742 0.5135 0.5777 0.5111 0.5919 0.5103 0.6307 0.5111 0.6396 0.5127 0.6431 0.5214 0.6431 0.5238 0.6378 0.5246 0.6307 0.5302 0.6219 0.5302 0.6095 0.5286 0.5989 0.5230 0.5830 0.5175 0.5742
1 0.5635 0.5018 0.5619 0.5159 0.5635 0.5247 0.5611 0.5318 0.5603 0.5512 0.5540 0.5724 0.5548 0.5760 0.5603 0.5742 0.5643 0.5830 0.5619 0.5972 0.5619 0.6078 0.5587 0.6219 0.5556 0.6254 0.5571 0.6343 0.5563 0.6378 0.5603 0.6378 0.5603 0.6272 0.5643 0.6219 0.5667 0.6078 0.5706 0.6060 0.5738 0.5989 0.5730 0.5901 0.5794 0.5813 0.5794 0.5777 0.5770 0.5724 0.5778 0.5671 0.5762 0.5601 0.5754 0.5318 0.5706 0.5159 0.5683 0.5018
1 0.5833 0.4717 0.5810 0.4770 0.5833 0.4965 0.5817 0.5018 0.5817 0.5106 0.5794 0.5265 0.5794 0.5442 0.5810 0.5477 0.5794 0.5512 0.5794 0.5689 0.5802 0.5742 0.5873 0.5724 0.5905 0.5795 0.5889 0.5883 0.5913 0.5954 0.5937 0.5901 0.5952 0.5777 0.5952 0.5707 0.5921 0.5530 0.5937 0.5389 0.5929 0.5318 0.5944 0.5283 0.5944 0.5053 0.5913 0.4823 0.5881 0.4717
1 0.6103 0.5477 0.6071 0.5530 0.6087 0.5724 0.6063 0.5795 0.6079 0.5830 0.6032 0.5830 0.6016 0.5901 0.6071 0.5919 0.6087 0.5954 0.6079 0.6060 0.6103 0.6131 0.6143 0.6184 0.6169 0.6537 0.6183 0.6343 0.6183 0.6396 0.6198 0.6237 0.6270 0.6131 0.6278 0.5972 0.6262 0.5901 0.6175 0.5707 0.6175 0.5583 0.6143 0.5477
1 0.6135 0.5707 0.6087 0.5760 0.6087 0.5866 0.6071 0.5901 0.6000 0.5901 0.5960 0.5989 0.6000 0.6131 0.5976 0.6219 0.5952 0.6608 0.5944 0.6873 0.5897 0.7102 0.5897 0.7155 0.5952 0.7173 0.5984 0.6979 0.6032 0.6926 0.6087 0.7049 0.6087 0.7155 0.6111 0.7191 0.6159 0.7155 0.6183 0.7085 0.6238 0.7067 0.6222 0.7049 0.6206 0.7085 0.6183 0.7085 0.6143 0.6996 0.6119 0.6926 0.6127 0.6855 0.6111 0.6795 0.6143 0.6608 0.6183 0.6537 0.6167 0.6466 0.6167 0.6360 0.6183 0.6307 0.6183 0.6237 0.6198 0.6201 0.6190 0.6113 0.6206 0.6078 0.6206 0.6025 0.6230 0.5954 0.6254 0.6148 0.6262 0.6166 0.6278 0.6113 0.6270 0.5954 0.6222 0.5954 0.6206 0.5919 0.6206 0.5795 0.6143 0.5707
1 0.6381 0.5194 0.6341 0.5283 0.6389 0.5336 0.6349 0.5512 0.6349 0.5636 0.6373 0.5707 0.6389 0.5901 0.6444 0.5989 0.6500 0.6237 0.6508 0.6025 0.6492 0.5883 0.6516 0.5813 0.6508 0.5601 0.6476 0.5477 0.6468 0.5336 0.6437 0.5247 0.6389 0.5194
1 0.6310 0.5777 0.6333 0.5848 0.6333 0.5919 0.6270 0.6184 0.6294 0.6325 0.6294 0.6590 0.6270 0.6625 0.6270 0.6996 0.6310 0.7014 0.6317 0.6837 0.6333 0.6802 0.6389 0.6820 0.6405 0.6784 0.6429 0.6784 0.6452 0.6837 0.6437 0.6890 0.6460 0.6943 0.6484 0.7085 0.6500 0.7102 0.6524 0.7067 0.6540 0.6890 0.6524 0.6714 0.6437 0.6590 0.6437 0.6502 0.6460 0.6449 0.6460 0.6413 0.6476 0.6378 0.6500 0.6378 0.6484 0.6378 0.6468 0.6325 0.6460 0.6113 0.6397 0.6025 0.6421 0.5989 0.6365 0.5919 0.6373 0.5866 0.6349 0.5777
1 0.6595 0.4982 0.6579 0.5018 0.6579 0.5141 0.6563 0.5177 0.6548 0.5336 0.6540 0.5866 0.6540 0.6060 0.6563 0.6113 0.6563 0.6272 0.6579 0.6290 0.6651 0.6272 0.6698 0.6060 0.6698 0.5318 0.6675 0.5230 0.6659 0.5035 0.6627 0.4982
1 0.7079 0.5707 0.7063 0.5742 0.7063 0.5848 0.7087 0.5954 0.7071 0.6184 0.7079 0.6254 0.7063 0.6449 0.7048 0.6502 0.7056 0.6537 0.7040 0.6643 0.7040 0.6820 0.7024 0.6943 0.7008 0.6961 0.7016 0.7085 0.7000 0.7120 0.7063 0.7085 0.7071 0.6996 0.7103 0.6908 0.7087 0.6767 0.7111 0.6661 0.7127 0.6625 0.7167 0.6608 0.7198 0.6537 0.7222 0.6396 0.7230 0.6078 0.7214 0.5989 0.7175 0.5901 0.7135 0.5707
1 0.7310 0.5972 0.7270 0.5989 0.7254 0.6042 0.7254 0.6113 0.7278 0.6219 0.7238 0.6343 0.7206 0.6572 0.7183 0.6608 0.7190 0.6678 0.7238 0.6820 0.7238 0.6855 0.7190 0.6926 0.7198 0.7102 0.7214 0.7120 0.7183 0.7155 0.7190 0.7173 0.7238 0.7173 0.7254 0.7102 0.7325 0.6979 0.7365 0.7014 0.7429 0.6926 0.7429 0.6714 0.7397 0.6519 0.7405 0.6378 0.7381 0.6325 0.7373 0.6219 0.7381 0.6095 0.7333 0.5972
1 0.7397 0.5477 0.7357 0.5565 0.7341 0.5671 0.7365 0.5724 0.7317 0.5795 0.7317 0.5901 0.7373 0.5954 0.7381 0.6060 0.7397 0.6095 0.7460 0.6131 0.7476 0.6166 0.7468 0.6219 0.7500 0.6272 0.7476 0.6343 0.7484 0.6378 0.7460 0.6431 0.7460 0.6466 0.7476 0.6502 0.7524 0.6502 0.7516 0.6042 0.7476 0.5724 0.7452 0.5671 0.7460 0.5565 0.7437 0.5512 0.7405 0.5495
1 0.8778 0.5247 0.8754 0.5283 0.8762 0.5512 0.8730 0.5583 0.8730 0.5636 0.8746 0.5671 0.8706 0.5742 0.8698 0.6007 0.8683 0.6131 0.8659 0.6184 0.8722 0.6237 0.8770 0.6378 0.8762 0.6413 0.8794 0.6537 0.8762 0.6572 0.8841 0.6608 0.8881 0.6608 0.8881 0.6572 0.8833 0.6555 0.8817 0.6502 0.8825 0.6484 0.8921 0.6484 0.8937 0.6431 0.8921 0.5936 0.8889 0.5795 0.8905 0.5618 0.8905 0.5424 0.8881 0.5283 0.8849 0.5247
1 0.9056 0.7138 0.9040 0.7155 0.9040 0.7279 0.9024 0.7367 0.8952 0.7527 0.8952 0.7615 0.8968 0.7686 0.8960 0.7898 0.8992 0.8110 0.8992 0.8269 0.9000 0.8322 0.9032 0.8375 0.9024 0.8410 0.9040 0.8516 0.9063 0.8551 0.9079 0.8551 0.9095 0.8357 0.9119 0.8286 0.9127 0.8021 0.9167 0.7915 0.9206 0.7880 0.9206 0.7739 0.9190 0.7703 0.9175 0.7527 0.9111 0.7314 0.9119 0.7173 0.9087 0.7138
1 0.9516 0.5353 0.9460 0.5442 0.9468 0.5601 0.9437 0.5848 0.9444 0.6237 0.9429 0.6537 0.9397 0.6608 0.9405 0.6696 0.9468 0.6678 0.9484 0.6572 0.9540 0.6466 0.9556 0.6466 0.9587 0.6537 0.9635 0.6502 0.9635 0.6431 0.9587 0.6148 0.9587 0.6113 0.9619 0.6060 0.9627 0.5919 0.9563 0.5583 0.9571 0.5442 0.9548 0.5353
1 0.8365 0.5035 0.8341 0.5088 0.8365 0.5283 0.8310 0.5442 0.8294 0.5671 0.8310 0.5742 0.8349 0.5795 0.8365 0.5901 0.8413 0.6007 0.8437 0.6237 0.8429 0.6431 0.8444 0.6484 0.8508 0.6537 0.8548 0.6625 0.8563 0.6678 0.8563 0.6749 0.8548 0.6802 0.8571 0.6873 0.8603 0.6820 0.8611 0.6731 0.8571 0.6537 0.8540 0.6484 0.8540 0.6396 0.8579 0.6290 0.8587 0.6148 0.8571 0.6025 0.8524 0.5866 0.8484 0.5442 0.8421 0.5212 0.8429 0.5088 0.8405 0.5035
1 0.8833 0.6714 0.8817 0.6873 0.8762 0.7014 0.8770 0.7032 0.8730 0.7226 0.8714 0.7385 0.8714 0.7473 0.8754 0.7544 0.8754 0.7862 0.8778 0.8004 0.8778 0.8110 0.8802 0.8180 0.8857 0.8180 0.8881 0.8039 0.8921 0.7933 0.8921 0.7615 0.8937 0.7509 0.8960 0.7473 0.8968 0.7420 0.8960 0.7032 0.8889 0.6890 0.8881 0.6714