0 0.6107 0.6366 0.5938 0.6412 0.5872 0.6481 0.5807 0.6759 0.5781 0.6806 0.5742 0.6806 0.5729 0.6921 0.5664 0.6991 0.5677 0.7269 0.5651 0.7454 0.5625 0.7500 0.5638 0.7569 0.5677 0.7616 0.6107 0.7593 0.6393 0.7662 0.6497 0.7824 0.6497 0.7894 0.6536 0.7940 0.6628 0.7940 0.6667 0.7986 0.6628 0.7940 0.6693 0.7894 0.6719 0.7963 0.6784 0.7963 0.6784 0.8056 0.6562 0.8056 0.6589 0.8102 0.6562 0.8125 0.6615 0.8125 0.6641 0.8171 0.6615 0.8218 0.6680 0.8148 0.6693 0.8079 0.6771 0.8264 0.6810 0.8218 0.6849 0.8241 0.6849 0.8194 0.6823 0.8171 0.6927 0.8079 0.6927 0.7917 0.6966 0.7731 0.6940 0.7454 0.6953 0.7037 0.6927 0.6991 0.6888 0.6991 0.6823 0.6875 0.6771 0.6667 0.6732 0.6597 0.6732 0.6505 0.6667 0.6412 0.6172 0.6366
0 0.1445 0.5972 0.1354 0.6019 0.1393 0.6181 0.1393 0.6296 0.1354 0.6343 0.1367 0.6366 0.1341 0.6412 0.1328 0.6528 0.1276 0.6644 0.1302 0.7269 0.1328 0.7431 0.1367 0.7477 0.1419 0.7431 0.1615 0.7454 0.1654 0.7407 0.1719 0.7454 0.1927 0.7431 0.2005 0.7384 0.2161 0.7199 0.2174 0.7106 0.2148 0.7014 0.2148 0.6713 0.2122 0.6528 0.2031 0.6505 0.2070 0.6366 0.2005 0.6250 0.1979 0.6111 0.1927 0.6019 0.1849 0.5972
0 0.4766 0.5648 0.4505 0.5694 0.4375 0.5995 0.4349 0.6204 0.4609 0.6273 0.4648 0.6343 0.4701 0.6620 0.4740 0.6690 0.4857 0.6690 0.4896 0.6736 0.4857 0.6806 0.4857 0.6968 0.4883 0.7014 0.5169 0.7014 0.5247 0.7176 0.5326 0.7199 0.5378 0.7153 0.5391 0.7083 0.5417 0.6574 0.5443 0.6528 0.5482 0.6528 0.5482 0.6481 0.5443 0.6505 0.5430 0.6435 0.5482 0.6435 0.5482 0.6343 0.5469 0.6412 0.5430 0.6412 0.5391 0.6343 0.5378 0.6204 0.5273 0.5995 0.5208 0.5741 0.5156 0.5671 0.4883 0.5648
0 0.3958 0.6250 0.3841 0.6296 0.3776 0.6528 0.4115 0.6574 0.4180 0.6620 0.4219 0.6690 0.4232 0.6806 0.4258 0.6852 0.4284 0.7060 0.4310 0.7106 0.4310 0.7199 0.4401 0.7361 0.4414 0.7431 0.4518 0.7593 0.4544 0.7662 0.4544 0.7778 0.4596 0.7847 0.4622 0.7963 0.4661 0.7986 0.4779 0.7917 0.4857 0.7778 0.4857 0.7199 0.4883 0.7037 0.4844 0.6968 0.4831 0.6875 0.4883 0.6829 0.4896 0.6736 0.4740 0.6644 0.4701 0.6574 0.4622 0.6296 0.4505 0.6250
0 0.3802 0.6528 0.3776 0.6574 0.3568 0.6574 0.3424 0.6644 0.3372 0.6736 0.3359 0.6921 0.3333 0.6968 0.3346 0.7037 0.3255 0.7269 0.3242 0.7500 0.3477 0.7500 0.3919 0.7569 0.3984 0.7662 0.4049 0.7847 0.4115 0.8241 0.4232 0.8472 0.4219 0.8542 0.4258 0.8611 0.4219 0.8681 0.4245 0.8750 0.4232 0.8819 0.4271 0.8889 0.4362 0.8889 0.4401 0.8958 0.4388 0.8981 0.4427 0.9028 0.4544 0.9028 0.4596 0.8889 0.4609 0.8727 0.4609 0.8032 0.4544 0.7870 0.4492 0.7847 0.4492 0.7801 0.4518 0.7778 0.4505 0.7662 0.4453 0.7616 0.4427 0.7477 0.4284 0.7199 0.4297 0.7153 0.4258 0.7060 0.4206 0.6991 0.4232 0.6944 0.4232 0.6829 0.4206 0.6782 0.4193 0.6644 0.4102 0.6597 0.3815 0.6551
0 0.3242 0.7523 0.2891 0.7593 0.2852 0.7824 0.2786 0.7986 0.3190 0.8032 0.3385 0.8125 0.3464 0.8264 0.3516 0.8449 0.3542 0.8611 0.3542 0.9074 0.3581 0.9236 0.3672 0.9421 0.3685 0.9676 0.3880 0.9699 0.3906 0.9745 0.3919 0.9861 0.3958 0.9931 0.4115 0.9931 0.4219 0.9745 0.4232 0.9676 0.4232 0.9167 0.4219 0.8843 0.4193 0.8704 0.4193 0.8426 0.4076 0.8125 0.4036 0.7824 0.3932 0.7593 0.3281 0.7523
0 0.2695 0.8056 0.2682 0.8102 0.2435 0.8125 0.2357 0.8171 0.2305 0.8264 0.2201 0.8704 0.2188 0.8843 0.2083 0.8912 0.2044 0.8981 0.2044 0.9259 0.1992 0.9444 0.1914 0.9491 0.1888 0.9537 0.1888 0.9606 0.2122 0.9745 0.2552 0.9722 0.2760 0.9977 0.3568 0.9977 0.3594 0.9838 0.3581 0.9699 0.3607 0.9653 0.3646 0.9653 0.3646 0.9583 0.3607 0.9606 0.3581 0.9560 0.3594 0.9421 0.3516 0.9097 0.3529 0.8958 0.3490 0.8773 0.3516 0.8727 0.3516 0.8611 0.3490 0.8542 0.3490 0.8449 0.3451 0.8403 0.3438 0.8310 0.3372 0.8171 0.3333 0.8125 0.3242 0.8125 0.3164 0.8056 0.2786 0.8056 0.2760 0.8102 0.2708 0.8056
0 0.5091 0.8681 0.4896 0.8727 0.4818 0.8843 0.4727 0.9213 0.4661 0.9306 0.4583 0.9329 0.4648 0.9306 0.4674 0.9375 0.4609 0.9560 0.4557 0.9931 0.4570 0.9977 0.6185 0.9954 0.6185 0.9792 0.6120 0.9491 0.6042 0.9375 0.6042 0.9190 0.5911 0.8912 0.5898 0.8796 0.5859 0.8727 0.5651 0.8681 0.5195 0.8681
0 0.6576 0.4514 0.6172 0.4537 0.6107 0.4606 0.6029 0.5069 0.6042 0.5579 0.6016 0.5625 0.6016 0.6111 0.6042 0.6250 0.6146 0.6204 0.6185 0.6088 0.6224 0.6088 0.6263 0.6019 0.6315 0.6019 0.6419 0.5833 0.6458 0.5810 0.6940 0.5810 0.7005 0.5833 0.7044 0.5926 0.7122 0.5926 0.7161 0.5880 0.7161 0.5718 0.7135 0.5579 0.7148 0.5185 0.7122 0.5116 0.7109 0.4769 0.7083 0.4699 0.7044 0.4630 0.6901 0.4537 0.6615 0.4514
0 0.4818 0.4606 0.4727 0.4676 0.4688 0.4745 0.4648 0.4977 0.4609 0.5069 0.4583 0.5208 0.4583 0.5625 0.4622 0.5579 0.4701 0.5648 0.5221 0.5648 0.5234 0.5787 0.5286 0.5903 0.5286 0.5972 0.5326 0.6042 0.5326 0.6088 0.5365 0.6134 0.5443 0.6111 0.5469 0.6227 0.5508 0.6273 0.5508 0.6481 0.5521 0.6551 0.5560 0.6574 0.5651 0.6528 0.5677 0.6435 0.5664 0.6181 0.5690 0.6111 0.5716 0.5833 0.5690 0.5625 0.5690 0.5301 0.5651 0.5208 0.5677 0.5093 0.5638 0.5023 0.5638 0.4931 0.5612 0.4861 0.5508 0.4676 0.5365 0.4606
0 0.6693 0.5810 0.6445 0.5833 0.6393 0.5880 0.6354 0.5949 0.6341 0.6042 0.6419 0.6111 0.6419 0.6273 0.6471 0.6250 0.6432 0.6227 0.6458 0.6181 0.6419 0.6134 0.6497 0.6042 0.6523 0.6088 0.6562 0.6042 0.6784 0.6088 0.6836 0.6204 0.6836 0.6273 0.6875 0.6366 0.6862 0.6412 0.6914 0.6505 0.6901 0.6644 0.6927 0.6690 0.6927 0.6806 0.6979 0.6921 0.7005 0.7060 0.6992 0.7269 0.7018 0.7338 0.7174 0.7384 0.7201 0.7454 0.7240 0.7431 0.7279 0.7338 0.7279 0.6551 0.7240 0.6343 0.7188 0.6250 0.7083 0.5880 0.6862 0.5810 0.6706 0.5833
0 0.3138 0.4259 0.2826 0.4352 0.2747 0.4537 0.2734 0.4653 0.2682 0.4792 0.2682 0.5417 0.2708 0.5741 0.2786 0.5741 0.2917 0.5579 0.3177 0.5579 0.3203 0.4931 0.3177 0.4722 0.3190 0.4468 0.3177 0.4306 0.3151 0.4282
0 0.1576 0.3333 0.1263 0.3380 0.1276 0.3449 0.1237 0.3472 0.1237 0.4028 0.1211 0.4074 0.1211 0.4329 0.1237 0.4375 0.1237 0.5370 0.1263 0.5718 0.1302 0.5718 0.1328 0.5671 0.1393 0.5671 0.1419 0.5718 0.1576 0.5440 0.1615 0.5440 0.1641 0.5394 0.2005 0.5347 0.2018 0.5069 0.1979 0.4792 0.2005 0.4722 0.1992 0.4630 0.2018 0.4560 0.2018 0.4421 0.1966 0.4190 0.1953 0.3958 0.1888 0.3565 0.1732 0.3333
0 0.0716 0.6458 0.0273 0.6505 0.0169 0.6690 0.0065 0.7269 0.0026 0.7407 0.0000 0.7431 0.0000 0.7917 0.0065 0.7986 0.0052 0.8079 0.0078 0.8102 0.0091 0.8218 0.0117 0.8241 0.0091 0.8287 0.0130 0.8356 0.0208 0.8356 0.0326 0.8310 0.0833 0.8310 0.1029 0.8264 0.1081 0.8218 0.1068 0.8171 0.1094 0.8079 0.1081 0.7986 0.1107 0.7755 0.1107 0.7431 0.1042 0.6713 0.0951 0.6481 0.0729 0.6481