0 0.2667 0.6146 0.2389 0.6229 0.2306 0.6292 0.2222 0.6375 0.2222 0.6438 0.2083 0.6521 0.1806 0.6917 0.1778 0.7229 0.1833 0.7312 0.1833 0.7250 0.1889 0.7229 0.2139 0.7292 0.2139 0.7354 0.2250 0.7354 0.2278 0.7312 0.2306 0.7354 0.2361 0.7292 0.2583 0.7271 0.2667 0.7292 0.2694 0.7354 0.2750 0.7271 0.2778 0.7312 0.2889 0.7292 0.2944 0.7333 0.2944 0.7271 0.2833 0.7271 0.2778 0.7229 0.2833 0.7188 0.2917 0.7188 0.2944 0.7000 0.3056 0.6979 0.3111 0.6833 0.3111 0.6583 0.3056 0.6438 0.3083 0.6354 0.2972 0.6188 0.2750 0.6146
0 0.4944 0.6750 0.4611 0.6875 0.4639 0.7521 0.4667 0.7729 0.4722 0.7771 0.5028 0.7792 0.5694 0.7771 0.5750 0.7729 0.5778 0.7458 0.5694 0.7125 0.5472 0.6792 0.5139 0.6792 0.4972 0.6750
0 0.6222 0.6583 0.5944 0.6687 0.5972 0.6896 0.6000 0.6979 0.6167 0.7146 0.6194 0.7250 0.6361 0.7312 0.7028 0.7312 0.7111 0.7271 0.7139 0.7188 0.7056 0.6917 0.6944 0.6833 0.6889 0.6729 0.6611 0.6583
0 0.7194 0.7812 0.6917 0.7833 0.6750 0.7917 0.6750 0.8438 0.6778 0.8479 0.6861 0.8458 0.6917 0.8500 0.7111 0.8792 0.7194 0.8979 0.7278 0.9396 0.7389 0.9542 0.7472 0.9542 0.7472 0.9500 0.7528 0.9479 0.7667 0.9583 0.8056 0.9688 0.8500 0.9688 0.9000 0.9625 0.9139 0.9521 0.9111 0.8938 0.8861 0.8729 0.8694 0.8458 0.8500 0.8250 0.8222 0.8021 0.7889 0.7854 0.7417 0.7812
0 0.0833 0.6375 0.0694 0.6396 0.0444 0.6521 0.0361 0.6604 0.0278 0.6625 0.0167 0.6771 0.0083 0.6771 0.0000 0.6875 0.0000 0.7104 0.1361 0.7042 0.1417 0.6521 0.1278 0.6396 0.1194 0.6375
0 0.3889 0.5667 0.3750 0.5750 0.3778 0.6062 0.4306 0.6062 0.4306 0.5813 0.4250 0.5708 0.4167 0.5667
0 0.6083 0.6042 0.5806 0.6062 0.5639 0.6146 0.5639 0.6375 0.5750 0.6521 0.5889 0.6542 0.5972 0.6625 0.6250 0.6542 0.6472 0.6521 0.6472 0.6292 0.6361 0.6208 0.6306 0.6104 0.6111 0.6062
0 0.2361 0.5500 0.2222 0.5521 0.2028 0.5687 0.2000 0.5896 0.2556 0.5896 0.2611 0.5792 0.2583 0.5583 0.2417 0.5500
0 0.3056 0.5479 0.2917 0.5521 0.2806 0.5750 0.2806 0.5854 0.3139 0.5854 0.3306 0.5938 0.3333 0.6021 0.3389 0.6021 0.3417 0.5958 0.3417 0.5563 0.3361 0.5521 0.3167 0.5479
0 0.1083 0.7083 0.0750 0.7125 0.0000 0.7125 0.0000 0.9979 0.0528 0.9979 0.1111 0.9104 0.1472 0.8667 0.1389 0.7167 0.1333 0.7104 0.1222 0.7083
1 0.7972 0.6813 0.7889 0.6896 0.7861 0.7083 0.7917 0.7188 0.7917 0.7375 0.8028 0.7542 0.8056 0.7375 0.8194 0.7271 0.8194 0.7167 0.8139 0.6958 0.8000 0.6813
1 0.7361 0.6333 0.7250 0.6458 0.7222 0.6604 0.7306 0.6667 0.7333 0.6917 0.7389 0.6979 0.7417 0.6750 0.7500 0.6583 0.7500 0.6438 0.7417 0.6333
1 0.7028 0.5813 0.6917 0.5958 0.7000 0.6167 0.7000 0.6333 0.7056 0.6375 0.7111 0.6562 0.7167 0.6521 0.7250 0.6250 0.7222 0.6125 0.7139 0.6062 0.7056 0.5833
1 0.6583 0.5667 0.6472 0.5729 0.6472 0.5917 0.6528 0.6062 0.6611 0.6104 0.6611 0.6188 0.6722 0.6271 0.6750 0.6354 0.6806 0.6333 0.6861 0.6062 0.6833 0.5938 0.6694 0.5813 0.6611 0.5667