1 0.2141 0.2761 0.2059 0.2794 0.2026 0.2859 0.2042 0.2990 0.2092 0.3072 0.2124 0.3121 0.2239 0.3072 0.2369 0.3137 0.2402 0.3105 0.2402 0.2974 0.2337 0.2859 0.2206 0.2761
1 0.2484 0.2582 0.2353 0.2631 0.2337 0.2680 0.2337 0.2843 0.2402 0.2941 0.2533 0.2908 0.2598 0.2925 0.2647 0.2876 0.2647 0.2778 0.2582 0.2647 0.2516 0.2582
1 0.7353 0.1242 0.7222 0.1324 0.7173 0.1454 0.7092 0.1569 0.7075 0.1716 0.7173 0.1683 0.7173 0.1650 0.7206 0.1634 0.7206 0.1797 0.7255 0.1781 0.7386 0.1503 0.7418 0.1373 0.7418 0.1291 0.7386 0.1242
1 0.8023 0.1487 0.7974 0.1536 0.7958 0.1618 0.7859 0.1650 0.7843 0.1699 0.7859 0.1765 0.7827 0.1814 0.7859 0.1846 0.7941 0.1863 0.8023 0.1863 0.8170 0.1732 0.8170 0.1503 0.8088 0.1487
1 0.8513 0.2843 0.8317 0.2908 0.8235 0.3039 0.8203 0.3186 0.8448 0.3186 0.8497 0.3137 0.8529 0.3088 0.8529 0.2974 0.8562 0.2941 0.8562 0.2859 0.8529 0.2843
1 0.7712 0.4542 0.7565 0.4641 0.7549 0.4755 0.7500 0.4820 0.7516 0.4886 0.7565 0.4902 0.7729 0.4820 0.7908 0.4788 0.7990 0.4706 0.7990 0.4592 0.7958 0.4542 0.7859 0.4575 0.7794 0.4542
1 0.6454 0.7353 0.6422 0.7549 0.6503 0.7598 0.6618 0.7549 0.6650 0.7484 0.6650 0.7435 0.6520 0.7353
1 0.2598 0.8137 0.2516 0.8219 0.2484 0.8415 0.2386 0.8529 0.2386 0.8578 0.2484 0.8644 0.2533 0.8644 0.2631 0.8775 0.2712 0.8758 0.2810 0.8611 0.2892 0.8611 0.3039 0.8676 0.3105 0.8676 0.3137 0.8709 0.3252 0.8693 0.3333 0.8578 0.3301 0.8415 0.3350 0.8301 0.3350 0.8219 0.3317 0.8186 0.3219 0.8186 0.3137 0.8203 0.3121 0.8252 0.3252 0.8284 0.3252 0.8350 0.3219 0.8317 0.3186 0.8350 0.3007 0.8366 0.2974 0.8301 0.3023 0.8252 0.2974 0.8170 0.2745 0.8170 0.2712 0.8203 0.2631 0.8137
1 0.2467 0.7222 0.2337 0.7271 0.2239 0.7353 0.2271 0.7467 0.2402 0.7516 0.2467 0.7500 0.2582 0.7353 0.2582 0.7320 0.2484 0.7222
1 0.1961 0.6993 0.1895 0.7010 0.1846 0.7108 0.1846 0.7157 0.1961 0.7386 0.2141 0.7402 0.2255 0.7304 0.2255 0.7124 0.2320 0.7010 0.1977 0.7010
1 0.5899 0.4706 0.5866 0.4722 0.5833 0.4837 0.5850 0.4967 0.5899 0.5000 0.5997 0.5000 0.6029 0.4967 0.6013 0.4935 0.6078 0.4869 0.6029 0.4755 0.5980 0.4755 0.5915 0.4706
1 0.7059 0.4216 0.6895 0.4281 0.6830 0.4346 0.6879 0.4412 0.6895 0.4526 0.6928 0.4559 0.7075 0.4444 0.7157 0.4412 0.7141 0.4248 0.7108 0.4216
1 0.5163 0.2908 0.5131 0.2925 0.5114 0.3007 0.5065 0.3072 0.5065 0.3431 0.5131 0.3497 0.5131 0.3448 0.5163 0.3415 0.5212 0.3415 0.5212 0.3366 0.5245 0.3333 0.5278 0.3366 0.5310 0.3219 0.5359 0.3154 0.5327 0.3105 0.5310 0.2941 0.5261 0.2908
1 0.3203 0.4902 0.3186 0.4967 0.3284 0.5114 0.3301 0.5212 0.3268 0.5245 0.3301 0.5278 0.3415 0.5261 0.3513 0.5196 0.3546 0.5131 0.3529 0.5033 0.3562 0.5000 0.3562 0.4935 0.3529 0.4918 0.3317 0.4935 0.3301 0.4902
1 0.5441 0.4608 0.5359 0.4755 0.5359 0.4820 0.5392 0.4820 0.5507 0.4951 0.5588 0.4886 0.5605 0.4771 0.5523 0.4641 0.5474 0.4608
1 0.2663 0.5637 0.2631 0.5670 0.2386 0.5686 0.2369 0.5899 0.2467 0.5980 0.2582 0.5980 0.2761 0.5817 0.2810 0.5752 0.2761 0.5637