0 0.3235 0.5551 0.3120 0.5566 0.2995 0.5566 0.2905 0.5589 0.2830 0.5716 0.2795 0.5709 0.2780 0.5739 0.2745 0.5769 0.2655 0.5829 0.2620 0.5866 0.2590 0.5874 0.2580 0.5919 0.2560 0.5956 0.2550 0.6077 0.2585 0.6129 0.2630 0.6152 0.2660 0.6189 0.2710 0.6219 0.2750 0.6219 0.2790 0.6182 0.2830 0.6167 0.2855 0.6197 0.2910 0.6212 0.2950 0.6197 0.2970 0.6167 0.3015 0.6137 0.3075 0.6122 0.3265 0.6122 0.3340 0.6174 0.3380 0.6174 0.3420 0.6152 0.3455 0.6114 0.3505 0.6152 0.3585 0.6159 0.3615 0.6144 0.3640 0.6092 0.3680 0.6047 0.3730 0.6047 0.3750 0.6032 0.3760 0.6002 0.3755 0.5836 0.3745 0.5806 0.3755 0.5754 0.3745 0.5709 0.3715 0.5641 0.3705 0.5589 0.3690 0.5566 0.3620 0.5551 0.3410 0.5551
0 0.5410 0.5694 0.5410 0.5709 0.5340 0.5814 0.5280 0.5994 0.5250 0.6032 0.5240 0.6077 0.5215 0.6114 0.5160 0.6257 0.5155 0.6917 0.5170 0.7029 0.5180 0.7044 0.5215 0.7059 0.5290 0.7052 0.5335 0.7007 0.5345 0.6917 0.5390 0.6864 0.5450 0.6857 0.5485 0.6827 0.5525 0.6834 0.5550 0.6819 0.5580 0.6819 0.5660 0.6842 0.5775 0.6842 0.5805 0.6887 0.5820 0.6894 0.6090 0.6902 0.6190 0.6917 0.6215 0.6954 0.6230 0.7044 0.6260 0.7089 0.6275 0.7097 0.6380 0.7097 0.6395 0.7082 0.6425 0.7014 0.6440 0.6527 0.6425 0.6392 0.6390 0.6302 0.6370 0.6189 0.6340 0.6137 0.6270 0.5956 0.6250 0.5934 0.6235 0.5881 0.6155 0.5776 0.6050 0.5739 0.5915 0.5731 0.5850 0.5709 0.5475 0.5716 0.5445 0.5694
0 0.4715 0.5244 0.4655 0.5251 0.4760 0.5281 0.4760 0.5296 0.4645 0.5311 0.4590 0.5296 0.4510 0.5304 0.4470 0.5326 0.4430 0.5319 0.4405 0.5349 0.4380 0.5349 0.4365 0.5319 0.4340 0.5319 0.4310 0.5341 0.4275 0.5296 0.4190 0.5311 0.4180 0.5349 0.4185 0.5461 0.4175 0.5626 0.4160 0.5671 0.4145 0.5799 0.4140 0.6047 0.4150 0.6084 0.4160 0.6227 0.4195 0.6279 0.4275 0.6264 0.4315 0.6227 0.4390 0.6212 0.4455 0.6159 0.4625 0.6152 0.4650 0.6167 0.4665 0.6189 0.4665 0.6204 0.4705 0.6249 0.4745 0.6249 0.4820 0.6204 0.4870 0.6204 0.4900 0.6189 0.4910 0.6159 0.4915 0.6092 0.4925 0.6069 0.4930 0.5964 0.4920 0.5926 0.4915 0.5836 0.4915 0.5641 0.4925 0.5566 0.4905 0.5529 0.4905 0.5469 0.4915 0.5446 0.4910 0.5326 0.4890 0.5251 0.4765 0.5244
0 0.8055 0.5544 0.7800 0.5574 0.7600 0.5566 0.7575 0.5551 0.7455 0.5551 0.7420 0.5566 0.7390 0.5589 0.7340 0.5671 0.7320 0.5686 0.7275 0.5776 0.7255 0.5844 0.7235 0.5874 0.7215 0.5956 0.7200 0.5986 0.7155 0.6032 0.7145 0.6069 0.7090 0.6144 0.7080 0.6197 0.7075 0.6639 0.7080 0.6692 0.7100 0.6767 0.7115 0.6782 0.7155 0.6789 0.7210 0.6774 0.7215 0.6729 0.7245 0.6722 0.7265 0.6699 0.7285 0.6699 0.7300 0.6729 0.7310 0.6887 0.7320 0.6917 0.7370 0.6969 0.7440 0.6984 0.7475 0.6977 0.7505 0.6947 0.7535 0.6857 0.7550 0.6842 0.7650 0.6849 0.7785 0.6827 0.7855 0.6827 0.7910 0.6789 0.7925 0.6767 0.7925 0.6692 0.7985 0.6564 0.8040 0.6534 0.8060 0.6497 0.8120 0.6452 0.8140 0.6407 0.8230 0.6399 0.8260 0.6384 0.8260 0.6339 0.8275 0.6272 0.8355 0.6152 0.8370 0.6107 0.8415 0.6032 0.8420 0.5979 0.8395 0.5904 0.8375 0.5799 0.8295 0.5626 0.8230 0.5574 0.8195 0.5559 0.8145 0.5544 0.8070 0.5544
0 0.9390 0.5649 0.9355 0.5671 0.9225 0.5664 0.9085 0.5679 0.9030 0.5709 0.8885 0.5724 0.8800 0.5746 0.8725 0.5791 0.8685 0.5799 0.8595 0.5866 0.8565 0.5919 0.8515 0.5949 0.8495 0.5979 0.8435 0.6032 0.8410 0.6084 0.8385 0.6099 0.8360 0.6137 0.8345 0.6189 0.8320 0.6234 0.8305 0.6302 0.8280 0.6324 0.8275 0.6369 0.8260 0.6399 0.8230 0.6422 0.8220 0.6444 0.8185 0.6414 0.8145 0.6422 0.8105 0.6452 0.8050 0.6534 0.7985 0.6594 0.7940 0.6677 0.7935 0.6759 0.7910 0.6834 0.7890 0.7044 0.7890 0.7202 0.7905 0.7329 0.7975 0.7562 0.7975 0.7592 0.8025 0.7697 0.8065 0.7712 0.8220 0.7712 0.8255 0.7682 0.8285 0.7637 0.8310 0.7637 0.8420 0.7689 0.8470 0.7719 0.8495 0.7749 0.8570 0.7779 0.8645 0.7832 0.8675 0.7839 0.8730 0.7877 0.8775 0.7884 0.8790 0.7907 0.8860 0.7952 0.8895 0.8027 0.8915 0.8102 0.8915 0.8155 0.8930 0.8222 0.8955 0.8290 0.8995 0.8350 0.9070 0.8410 0.9220 0.8425 0.9300 0.8425 0.9350 0.8402 0.9395 0.8350 0.9410 0.8305 0.9410 0.8252 0.9420 0.8222 0.9445 0.8200 0.9530 0.8207 0.9585 0.8230 0.9715 0.8237 0.9775 0.8252 0.9995 0.8260 0.9995 0.5679 0.9885 0.5671 0.9860 0.5656 0.9790 0.5649 0.9490 0.5649 0.9440 0.5664 0.9400 0.5649
1 0.0475 0.5596 0.0455 0.5604 0.0440 0.5626 0.0425 0.5686 0.0370 0.5716 0.0350 0.5836 0.0350 0.5911 0.0380 0.6032 0.0385 0.6122 0.0405 0.6234 0.0405 0.6414 0.0460 0.6422 0.0480 0.6384 0.0490 0.6384 0.0505 0.6422 0.0525 0.6429 0.0565 0.6384 0.0565 0.6257 0.0580 0.6189 0.0585 0.6107 0.0610 0.6017 0.0615 0.5851 0.0605 0.5769 0.0585 0.5701 0.0535 0.5626 0.0490 0.5596
1 0.2205 0.5701 0.2175 0.5731 0.2155 0.5784 0.2170 0.6114 0.2180 0.6137 0.2205 0.6159 0.2225 0.6129 0.2235 0.6092 0.2235 0.6032 0.2270 0.5911 0.2275 0.5859 0.2270 0.5784 0.2250 0.5716 0.2210 0.5709
1 0.0830 0.5671 0.0775 0.5716 0.0740 0.5799 0.0735 0.5844 0.0735 0.5926 0.0795 0.6092 0.0800 0.6129 0.0815 0.6144 0.0850 0.6144 0.0865 0.6129 0.0885 0.5986 0.0910 0.5911 0.0910 0.5874 0.0885 0.5799 0.0880 0.5754 0.0840 0.5671
1 0.0955 0.5724 0.0935 0.5896 0.0965 0.6077 0.0965 0.6137 0.0980 0.6152 0.1010 0.6152 0.1030 0.6137 0.1030 0.6092 0.1045 0.6039 0.1045 0.5979 0.1065 0.5874 0.1060 0.5836 0.1035 0.5776 0.0995 0.5724
1 0.0115 0.5716 0.0100 0.5724 0.0080 0.5769 0.0055 0.5799 0.0050 0.5896 0.0035 0.5949 0.0020 0.6062 0.0000 0.6069 0.0015 0.6069 0.0025 0.6099 0.0050 0.6129 0.0135 0.6122 0.0150 0.6107 0.0170 0.5874 0.0155 0.5821 0.0155 0.5754 0.0140 0.5716
1 0.6810 0.5596 0.6745 0.5701 0.6725 0.5716 0.6705 0.5814 0.6705 0.5844 0.6730 0.5904 0.6725 0.5979 0.6735 0.6039 0.6735 0.6129 0.6750 0.6159 0.6790 0.6182 0.6855 0.6174 0.6870 0.6152 0.6880 0.6114 0.6880 0.6017 0.6890 0.5986 0.6890 0.5911 0.6900 0.5851 0.6900 0.5739 0.6880 0.5679 0.6880 0.5656 0.6860 0.5619 0.6820 0.5596