0 0.2361 0.0747 0.2269 0.0788 0.2102 0.1017 0.2065 0.1100 0.2046 0.1100 0.2046 0.1141 0.1880 0.1473 0.1852 0.1618 0.1796 0.1743 0.1657 0.2261 0.1611 0.2365 0.1602 0.2469 0.1556 0.2593 0.1546 0.2656 0.1565 0.2801 0.1537 0.2967 0.1537 0.3154 0.1574 0.3361 0.1611 0.3444 0.1722 0.3485 0.1815 0.3485 0.1889 0.3444 0.1972 0.3465 0.2037 0.3423 0.2093 0.3444 0.2185 0.3340 0.2250 0.3340 0.2324 0.3278 0.2361 0.3216 0.2398 0.3071 0.2417 0.2884 0.2481 0.2780 0.2500 0.2593 0.2574 0.2407 0.2620 0.2220 0.2750 0.2075 0.2750 0.1805 0.2769 0.1722 0.2750 0.1494 0.2769 0.1390 0.2769 0.1224 0.2731 0.1058 0.2685 0.0954 0.2639 0.0913 0.2620 0.0788 0.2546 0.0747
0 0.4750 0.0000 0.4722 0.0228 0.4722 0.0436 0.4741 0.0477 0.4741 0.0809 0.4778 0.0892 0.4981 0.0871 0.5130 0.0788 0.5185 0.0851 0.5324 0.0851 0.5324 0.0000 0.4889 0.0000
0 0.3759 0.0062 0.3704 0.0207 0.3722 0.0228 0.3722 0.0353 0.3694 0.0394 0.3676 0.0477 0.3676 0.0622 0.3694 0.0664 0.3694 0.0747 0.3667 0.1017 0.3713 0.1224 0.3704 0.1349 0.3722 0.1515 0.3759 0.1515 0.3778 0.1369 0.3833 0.1286 0.3889 0.1266 0.3917 0.1328 0.3926 0.1307 0.3926 0.0954 0.3907 0.0747 0.3917 0.0685 0.3898 0.0622 0.3898 0.0332 0.3843 0.0104 0.3806 0.0062
0 0.2694 0.0000 0.2657 0.0083 0.2556 0.0539 0.2481 0.0685 0.2546 0.0685 0.2602 0.0726 0.2639 0.0768 0.2676 0.0892 0.2750 0.0975 0.3139 0.0913 0.3204 0.0602 0.3269 0.0477 0.3269 0.0415 0.3333 0.0311 0.3352 0.0187 0.3352 0.0000
1 0.3380 0.2303 0.3352 0.2365 0.3343 0.2448 0.3389 0.2469 0.3398 0.2531 0.3333 0.2614 0.3315 0.2842 0.3296 0.2884 0.3269 0.2801 0.3231 0.2822 0.3231 0.2884 0.3269 0.2988 0.3259 0.3071 0.3315 0.3154 0.3315 0.3340 0.3398 0.3382 0.3463 0.3361 0.3481 0.3444 0.3509 0.3278 0.3509 0.3071 0.3454 0.2593 0.3444 0.2386 0.3407 0.2303
1 0.2713 0.3154 0.2667 0.3237 0.2667 0.3485 0.2639 0.3527 0.2620 0.3797 0.2593 0.3921 0.2620 0.4108 0.2639 0.4398 0.2593 0.4627 0.2528 0.4813 0.2491 0.5062 0.2519 0.5187 0.2556 0.5228 0.2630 0.5187 0.2593 0.5083 0.2593 0.4938 0.2648 0.4834 0.2657 0.4730 0.2694 0.4647 0.2694 0.4585 0.2750 0.4440 0.2815 0.4564 0.2898 0.5124 0.3028 0.5124 0.3046 0.5083 0.3028 0.5021 0.2972 0.5000 0.2935 0.4876 0.2944 0.4751 0.2880 0.4419 0.2907 0.4295 0.2870 0.4357 0.2843 0.4253 0.2852 0.4191 0.2833 0.4149 0.2833 0.4108 0.2861 0.4066 0.2870 0.3963 0.2861 0.3610 0.2833 0.3506 0.2824 0.3299 0.2759 0.3154
1 0.4898 0.3631 0.4852 0.3734 0.4852 0.3838 0.4889 0.4066 0.4889 0.4274 0.4907 0.4378 0.4898 0.4606 0.4870 0.4751 0.4852 0.5041 0.4861 0.5311 0.4833 0.5394 0.4778 0.5456 0.4787 0.5498 0.4870 0.5498 0.4926 0.5436 0.4917 0.5228 0.4944 0.5000 0.4981 0.5021 0.5000 0.5124 0.5176 0.5290 0.5194 0.5332 0.5194 0.5477 0.5213 0.5498 0.5259 0.5290 0.5250 0.5228 0.5213 0.5228 0.5120 0.5083 0.5074 0.4959 0.5093 0.4896 0.5074 0.4772 0.5093 0.4730 0.5083 0.4668 0.5102 0.4585 0.5130 0.4544 0.5130 0.4232 0.5074 0.4066 0.5074 0.4025 0.5037 0.3983 0.4991 0.3859 0.4981 0.3734 0.4944 0.3631
1 0.3333 0.4336 0.3287 0.4378 0.3269 0.4440 0.3259 0.4544 0.3315 0.4751 0.3278 0.4979 0.3222 0.5104 0.3194 0.5249 0.3213 0.5415 0.3259 0.5519 0.3213 0.5602 0.3194 0.5705 0.3194 0.5768 0.3259 0.6079 0.3259 0.6203 0.3213 0.6266 0.3213 0.6328 0.3250 0.6369 0.3352 0.6369 0.3389 0.6432 0.3500 0.6432 0.3537 0.6369 0.3407 0.5643 0.3417 0.5539 0.3472 0.5415 0.3472 0.5124 0.3444 0.5041 0.3444 0.4896 0.3426 0.4772 0.3454 0.4668 0.3454 0.4585 0.3426 0.4461 0.3389 0.4440 0.3343 0.4357
1 0.5324 0.1992 0.5287 0.2012 0.5259 0.2095 0.5259 0.2241 0.5287 0.2324 0.5259 0.2759 0.5278 0.2905 0.5250 0.3050 0.5250 0.3485 0.5269 0.3610 0.5241 0.3714 0.5194 0.3797 0.5204 0.3838 0.5250 0.3859 0.5315 0.3838 0.5333 0.3797 0.5333 0.3465 0.5352 0.3423 0.5389 0.3423 0.5481 0.3610 0.5519 0.3568 0.5519 0.3444 0.5435 0.3340 0.5398 0.3174 0.5407 0.2988 0.5444 0.2863 0.5454 0.2718 0.5444 0.2593 0.5417 0.2552 0.5361 0.2241 0.5380 0.2075 0.5333 0.2012
1 0.6120 0.0000 0.6120 0.0104 0.6093 0.0166 0.6074 0.0166 0.6046 0.0270 0.6065 0.0913 0.6093 0.0913 0.6111 0.0830 0.6194 0.1017 0.6231 0.1017 0.6269 0.0934 0.6269 0.0477 0.6306 0.0353 0.6185 0.0124 0.6194 0.0000
1 0.6889 0.2531 0.6852 0.2656 0.6852 0.2759 0.6769 0.2905 0.6741 0.3195 0.6731 0.3527 0.6796 0.3651 0.6778 0.3817 0.6620 0.4274 0.6620 0.4398 0.6694 0.4461 0.6741 0.4419 0.6694 0.4336 0.6704 0.4253 0.6852 0.3921 0.6870 0.3963 0.6889 0.4170 0.6917 0.4232 0.6926 0.4336 0.7000 0.4315 0.7009 0.4191 0.6963 0.4170 0.6917 0.3963 0.6926 0.3755 0.6907 0.3651 0.6954 0.3548 0.6954 0.3382 0.6981 0.3340 0.6981 0.3091 0.7009 0.2988 0.6944 0.2967 0.6917 0.2905 0.6972 0.2676 0.6972 0.2614 0.6926 0.2531
1 0.5704 0.4834 0.5676 0.4855 0.5648 0.4959 0.5657 0.5104 0.5685 0.5166 0.5685 0.5228 0.5648 0.5332 0.5593 0.5290 0.5602 0.5228 0.5583 0.5104 0.5528 0.5124 0.5556 0.5249 0.5546 0.5353 0.5574 0.5477 0.5685 0.5477 0.5722 0.5519 0.5685 0.5747 0.5685 0.6037 0.5620 0.6307 0.5620 0.6411 0.5519 0.6826 0.5509 0.6971 0.5472 0.7095 0.5444 0.7116 0.5380 0.7282 0.5352 0.7448 0.5380 0.7469 0.5407 0.7427 0.5556 0.7593 0.5602 0.7573 0.5611 0.7344 0.5639 0.7303 0.5685 0.7137 0.5750 0.6805 0.5796 0.6722 0.5833 0.6846 0.5870 0.7158 0.5907 0.7282 0.5907 0.7427 0.5833 0.7573 0.5824 0.7635 0.5852 0.7697 0.5926 0.7697 0.5944 0.7656 0.6009 0.7635 0.6037 0.7573 0.6037 0.7510 0.6000 0.7365 0.5991 0.7178 0.5944 0.7075 0.5972 0.7033 0.5944 0.6992 0.5954 0.6950 0.5981 0.6992 0.6009 0.6971 0.5991 0.6722 0.5954 0.6618 0.5954 0.6515 0.5972 0.6452 0.5972 0.6203 0.5926 0.5934 0.5898 0.5560 0.5833 0.5332 0.5861 0.5207 0.5843 0.5041 0.5759 0.4834
1 0.7685 0.2842 0.7667 0.2905 0.7685 0.3195 0.7630 0.3299 0.7574 0.3568 0.7519 0.3693 0.7519 0.3776 0.7546 0.3776 0.7620 0.3651 0.7657 0.3693 0.7657 0.3797 0.7639 0.3838 0.7602 0.4108 0.7602 0.4315 0.7583 0.4461 0.7593 0.4502 0.7519 0.4668 0.7574 0.4730 0.7630 0.4730 0.7657 0.4689 0.7657 0.4461 0.7676 0.4336 0.7704 0.4253 0.7750 0.4253 0.7769 0.4212 0.7759 0.3963 0.7787 0.3921 0.7796 0.3734 0.7870 0.3568 0.7852 0.3278 0.7787 0.3050 0.7787 0.2946 0.7769 0.2863 0.7750 0.2842
1 0.8046 0.3776 0.8009 0.3859 0.8009 0.4046 0.7935 0.4315 0.7954 0.4378 0.7954 0.4585 0.7926 0.4689 0.7935 0.4813 0.7954 0.4938 0.7981 0.4938 0.7991 0.4979 0.7954 0.5000 0.7954 0.5124 0.7898 0.5311 0.7898 0.5539 0.7880 0.5685 0.7898 0.5726 0.8037 0.5705 0.8056 0.5747 0.8065 0.5643 0.8093 0.5581 0.8102 0.5498 0.8139 0.5436 0.8176 0.5270 0.8176 0.5187 0.8139 0.5000 0.8139 0.4855 0.8167 0.4647 0.8157 0.4378 0.8102 0.4191 0.8102 0.4149 0.8139 0.4066 0.8139 0.3859 0.8083 0.3776
1 0.7657 0.5311 0.7630 0.5332 0.7611 0.5456 0.7620 0.5581 0.7546 0.5726 0.7556 0.6017 0.7509 0.6162 0.7509 0.6224 0.7472 0.6349 0.7463 0.6535 0.7444 0.6577 0.7426 0.7220 0.7398 0.7407 0.7352 0.7573 0.7370 0.7697 0.7398 0.7739 0.7435 0.7739 0.7463 0.7676 0.7444 0.7531 0.7500 0.7261 0.7565 0.7158 0.7620 0.7116 0.7667 0.7137 0.7722 0.7241 0.7722 0.7510 0.7769 0.7531 0.7870 0.7469 0.7870 0.7344 0.7815 0.7199 0.7824 0.7158 0.7796 0.7095 0.7787 0.7012 0.7796 0.6639 0.7815 0.6535 0.7806 0.6411 0.7935 0.6079 0.7907 0.6017 0.7870 0.6037 0.7750 0.5788 0.7731 0.5705 0.7759 0.5643 0.7769 0.5415 0.7722 0.5311
1 0.6611 0.7884 0.6537 0.7925 0.6491 0.8008 0.6481 0.8154 0.6444 0.8237 0.6426 0.8340 0.6389 0.8672 0.6389 0.9855 0.6417 0.9979 0.6731 0.9979 0.6731 0.9896 0.6685 0.9813 0.6676 0.9668 0.6694 0.9481 0.6694 0.9274 0.6769 0.9129 0.6796 0.8983 0.6843 0.8880 0.6870 0.8714 0.6861 0.8610 0.6833 0.8610 0.6731 0.8838 0.6713 0.8921 0.6694 0.8963 0.6685 0.8942 0.6648 0.8610 0.6685 0.8444 0.6667 0.8402 0.6667 0.8340 0.6704 0.8091 0.6676 0.7946 0.6620 0.7884
1 0.8083 0.7697 0.8019 0.7801 0.8009 0.7925 0.7991 0.7967 0.7935 0.7967 0.7880 0.8091 0.7889 0.8174 0.7861 0.8237 0.7843 0.8465 0.7806 0.8527 0.7806 0.8631 0.7778 0.8714 0.7759 0.9232 0.7787 0.9315 0.7833 0.9357 0.7824 0.9627 0.7935 0.9813 0.7880 0.9876 0.7787 0.9896 0.7750 0.9855 0.7731 0.9917 0.7676 0.9917 0.7759 0.9938 0.7787 0.9979 0.7880 0.9938 0.7954 0.9938 0.7991 0.9979 0.8037 0.9876 0.8083 0.9855 0.8167 0.9419 0.8167 0.9108 0.8222 0.9004 0.8333 0.9066 0.8306 0.9046 0.8296 0.8880 0.8259 0.8838 0.8213 0.8859 0.8148 0.8817 0.8148 0.8485 0.8083 0.8299 0.8176 0.8174 0.8231 0.8174 0.8241 0.8029 0.8194 0.7780 0.8139 0.7697